user,track_id,n_plays,avg_ms,skip_count,meaningful_pct,skip_rate,weight
andy,0,74,254261.0810810811,35,0.527027027027027,0.47297297297297297,2.2754329247015685
andy,1,2,1051.5,2,0.0,1.0,0.0
andy,2,41,31039.829268292684,38,0.07317073170731707,0.926829268292683,0.27348802085000257
andy,3,26,126702.57692307692,18,0.3076923076923077,0.6923076923076923,1.014103651078255
andy,4,22,55573.77272727273,19,0.13636363636363635,0.8636363636363636,0.42756739308124764
andy,5,18,55536.0,14,0.2222222222222222,0.7777777777777778,0.6543197731480977
andy,6,34,83772.4705882353,17,0.5,0.5,1.7776740307447068
andy,7,19,43506.36842105263,14,0.2631578947368421,0.7368421052631579,0.7883505983036818
andy,8,15,80959.26666666666,10,0.3333333333333333,0.6666666666666666,0.9241962407465937
andy,9,65,142849.38461538462,13,0.8,0.2,3.35172379362114
andy,10,90,104348.22222222222,32,0.6333333333333333,0.35555555555555557,2.8568776874606714
andy,11,93,144740.50537634408,19,0.7849462365591398,0.20430107526881722,3.5662421409216156
andy,12,76,140033.40789473685,25,0.6447368421052632,0.32894736842105265,2.8006113904056646
andy,13,125,112467.936,48,0.584,0.384,2.824388633659663
andy,14,79,182117.78481012658,15,0.7848101265822784,0.189873417721519,3.439058877845324
andy,15,74,135786.7162162162,26,0.6216216216216216,0.35135135135135137,2.683843962468517
andy,16,20,74102.05,15,0.2,0.75,0.6089044875446846
andy,17,20,49662.65,16,0.2,0.8,0.6089044875446846
andy,18,11,65307.545454545456,8,0.2727272727272727,0.7272727272727273,0.6777018135785455
andy,19,10,47561.7,9,0.1,0.9,0.23978952727983707
andy,20,12,24525.75,10,0.16666666666666666,0.8333333333333334,0.42749155957692275
andy,21,9,9621.0,9,0.0,1.0,0.0
andy,22,21,77191.76190476191,13,0.38095238095238093,0.6190476190476191,1.1775399822317394
andy,23,10,55822.1,7,0.3,0.7,0.7193685818395111
andy,24,8,46177.125,6,0.25,0.75,0.5493061443340549
andy,25,6,60228.333333333336,4,0.3333333333333333,0.6666666666666666,0.648636716351771
andy,26,16,39168.5625,13,0.1875,0.8125,0.5312275020105406
andy,27,18,68542.61111111111,11,0.3888888888888889,0.6111111111111112,1.1450596030091713
andy,28,17,112220.35294117648,12,0.29411764705882354,0.7058823529411765,0.8501093405576955
andy,29,14,47106.57142857143,8,0.35714285714285715,0.5714285714285714,0.9671607861079322
andy,30,17,160705.88235294117,13,0.23529411764705882,0.7647058823529411,0.6800874724461563
andy,31,101,157000.0396039604,28,0.7029702970297029,0.27722772277227725,3.2512185123087445
andy,32,14,92471.85714285714,5,0.6428571428571429,0.35714285714285715,1.740889414994278
andy,33,10,61721.5,6,0.4,0.6,0.9591581091193483
andy,34,9,38763.11111111111,7,0.1111111111111111,0.7777777777777778,0.2558427881104495
andy,35,126,168844.85714285713,30,0.746031746031746,0.23809523809523808,3.6139173502151394
andy,36,64,130733.171875,15,0.765625,0.234375,3.196015253513847
andy,37,57,130384.05263157895,20,0.631578947368421,0.3508771929824561,2.5644903224503697
andy,38,67,132759.5671641791,16,0.746268656716418,0.23880597014925373,3.1488863471463486
andy,39,28,114572.25,12,0.5714285714285714,0.42857142857142855,1.9241690457065566
andy,40,60,119695.81666666667,22,0.6333333333333333,0.36666666666666664,2.6035534473097637
andy,41,63,152853.47619047618,18,0.7142857142857143,0.2857142857142857,2.970630773828337
andy,42,54,128026.20370370371,17,0.6666666666666666,0.3148148148148148,2.6715554568216473
andy,43,53,176345.24528301886,17,0.6792452830188679,0.32075471698113206,2.7094985976662995
andy,44,47,130115.76595744681,15,0.6382978723404256,0.3191489361702128,2.4709793686646115
andy,45,13,36161.846153846156,12,0.07692307692307693,0.9230769230769231,0.2030044099704045
andy,46,12,103015.0,6,0.5,0.5,1.2824746787307684
andy,47,6,61827.833333333336,4,0.3333333333333333,0.6666666666666666,0.648636716351771
andy,48,12,36925.666666666664,9,0.25,0.75,0.6412373393653842
andy,49,35,170232.3142857143,10,0.7142857142857143,0.2857142857142857,2.559656384611507
andy,50,27,117654.44444444444,14,0.48148148148148145,0.5185185185185185,1.6043947641584313
andy,51,28,93574.32142857143,9,0.6428571428571429,0.32142857142857145,2.1646901764198763
andy,52,21,38324.47619047619,10,0.47619047619047616,0.47619047619047616,1.4719249777896741
andy,53,14,73446.28571428571,10,0.2857142857142857,0.7142857142857143,0.7737286288863456
andy,54,11,126425.90909090909,8,0.2727272727272727,0.7272727272727273,0.6777018135785455
andy,55,9,127194.33333333333,5,0.4444444444444444,0.5555555555555556,1.023371152441798
andy,56,30,66723.26666666666,22,0.23333333333333334,0.7333333333333333,0.8012636810465341
andy,57,2,2151.0,2,0.0,1.0,0.0
andy,58,6,9600.5,6,0.0,1.0,0.0
andy,59,11,43859.09090909091,10,0.09090909090909091,0.9090909090909091,0.22590060452618185
andy,60,11,71886.27272727272,7,0.36363636363636365,0.6363636363636364,0.9036024181047274
andy,61,7,110953.0,4,0.42857142857142855,0.5714285714285714,0.891189232148501
andy,62,3,63747.0,2,0.3333333333333333,0.6666666666666666,0.46209812037329684
andy,63,9,101745.77777777778,7,0.2222222222222222,0.7777777777777778,0.511685576220899
andy,64,1,136646.0,0,1.0,0.0,0.6931471805599453
andy,65,7,56034.57142857143,5,0.2857142857142857,0.7142857142857143,0.5941261547656673
andy,66,6,38898.333333333336,5,0.16666666666666666,0.8333333333333334,0.3243183581758855
andy,67,34,136953.85294117648,11,0.6764705882352942,0.3235294117647059,2.4050883945369566
andy,68,4,36784.5,3,0.25,0.75,0.40235947810852507
andy,69,11,74854.0,6,0.45454545454545453,0.5454545454545454,1.1295030226309093
andy,70,16,65189.8125,12,0.25,0.75,0.708303336014054
andy,71,15,27647.2,14,0.06666666666666667,0.9333333333333333,0.18483924814931874
andy,72,44,78614.81818181818,29,0.29545454545454547,0.6590909090909091,1.1246957356139582
andy,73,61,122054.95081967213,27,0.5245901639344263,0.4426229508196721,2.165054103630212
andy,74,1,7546.0,1,0.0,1.0,0.0
andy,75,1,11796.0,1,0.0,1.0,0.0
andy,76,1,58103.0,1,0.0,1.0,0.0
andy,77,15,101076.8,12,0.13333333333333333,0.8,0.36967849629863747
andy,78,8,22709.75,7,0.125,0.875,0.27465307216702745
andy,79,13,85058.0,9,0.3076923076923077,0.6923076923076923,0.812017639881618
andy,80,6,74303.5,4,0.3333333333333333,0.6666666666666666,0.648636716351771
andy,81,5,75739.4,4,0.2,0.8,0.358351893845611
andy,82,8,104505.875,4,0.5,0.5,1.0986122886681098
andy,83,7,131355.7142857143,5,0.2857142857142857,0.7142857142857143,0.5941261547656673
andy,84,15,40829.6,13,0.13333333333333333,0.8666666666666667,0.36967849629863747
andy,85,6,22574.666666666668,6,0.0,1.0,0.0
andy,86,8,105668.75,5,0.375,0.625,0.8239592165010823
andy,87,2,18267.0,2,0.0,1.0,0.0
andy,88,1,21653.0,1,0.0,1.0,0.0
andy,89,1,4883.0,1,0.0,1.0,0.0
andy,90,1,10961.0,1,0.0,1.0,0.0
andy,91,5,144270.6,4,0.2,0.8,0.358351893845611
andy,92,1,22131.0,1,0.0,1.0,0.0
andy,93,23,51908.65217391304,17,0.17391304347826086,0.7391304347826086,0.5527050139735558
andy,94,2,6353.0,2,0.0,1.0,0.0
andy,95,1,9785.0,1,0.0,1.0,0.0
andy,96,6,169002.83333333334,4,0.3333333333333333,0.6666666666666666,0.648636716351771
andy,97,4,29386.5,4,0.0,1.0,0.0
andy,98,2,14975.5,2,0.0,1.0,0.0
andy,99,2,85751.5,1,0.5,0.5,0.5493061443340549
andy,100,4,30826.0,2,0.25,0.5,0.40235947810852507
andy,101,4,15121.5,4,0.0,1.0,0.0
andy,102,1,7923.0,1,0.0,1.0,0.0
andy,103,8,26989.5,7,0.125,0.875,0.27465307216702745
andy,104,54,104381.16666666667,20,0.6111111111111112,0.37037037037037035,2.4489258354198435
andy,105,10,122253.9,5,0.5,0.5,1.1989476363991853
andy,106,15,24286.733333333334,13,0.13333333333333333,0.8666666666666667,0.36967849629863747
andy,107,17,51377.41176470588,13,0.17647058823529413,0.7647058823529411,0.5100656043346173
andy,108,21,30040.428571428572,18,0.14285714285714285,0.8571428571428571,0.44157749333690227
andy,109,13,32732.923076923078,12,0.07692307692307693,0.9230769230769231,0.2030044099704045
andy,110,1,5983.0,1,0.0,1.0,0.0
andy,111,32,58544.0,24,0.25,0.75,0.8741268903666201
andy,112,2,4583.0,2,0.0,1.0,0.0
andy,113,17,45670.117647058825,15,0.11764705882352941,0.8823529411764706,0.34004373622307815
andy,114,10,31819.6,9,0.1,0.9,0.23978952727983707
andy,115,33,75220.15151515152,26,0.21212121212121213,0.7878787878787878,0.7480158688579737
andy,116,16,49043.0625,14,0.125,0.875,0.354151668007027
andy,117,11,93788.54545454546,7,0.36363636363636365,0.6363636363636364,0.9036024181047274
andy,118,20,78309.45,13,0.35,0.65,1.065582853203198
andy,119,8,33941.0,6,0.25,0.75,0.5493061443340549
andy,120,13,64717.153846153844,8,0.38461538461538464,0.6153846153846154,1.0150220498520226
andy,121,4,145112.75,2,0.5,0.5,0.8047189562170501
andy,122,3,89413.0,2,0.3333333333333333,0.6666666666666666,0.46209812037329684
andy,123,2,33897.0,2,0.0,1.0,0.0
andy,124,3,1384.3333333333333,3,0.0,1.0,0.0
andy,125,11,112562.72727272728,6,0.45454545454545453,0.5454545454545454,1.1295030226309093
andy,126,5,46048.4,4,0.2,0.8,0.358351893845611
andy,127,7,58544.857142857145,5,0.2857142857142857,0.7142857142857143,0.5941261547656673
andy,128,6,50512.166666666664,4,0.3333333333333333,0.6666666666666666,0.648636716351771
andy,129,5,127229.0,2,0.6,0.4,1.0750556815368328
andy,130,5,168507.2,2,0.6,0.4,1.0750556815368328
andy,131,7,92610.0,5,0.2857142857142857,0.7142857142857143,0.5941261547656673
andy,132,7,71657.0,5,0.2857142857142857,0.7142857142857143,0.5941261547656673
andy,133,48,101269.47916666667,8,0.8125,0.16666666666666666,3.162103992214884
andy,134,50,80480.3,10,0.78,0.2,3.066823993524974
andy,135,55,193901.87272727274,12,0.7636363636363637,0.21818181818181817,3.073904927470478
andy,136,6,92112.33333333333,2,0.6666666666666666,0.3333333333333333,1.297273432703542
andy,137,9,52264.666666666664,5,0.4444444444444444,0.5555555555555556,1.023371152441798
andy,138,9,91900.66666666667,6,0.3333333333333333,0.6666666666666666,0.7675283643313486
andy,139,4,97018.0,3,0.25,0.75,0.40235947810852507
andy,140,10,79037.6,7,0.3,0.7,0.7193685818395111
andy,141,8,86128.625,7,0.125,0.875,0.27465307216702745
andy,142,8,86601.75,2,0.75,0.25,1.6479184330021646
andy,143,7,92535.28571428571,3,0.5714285714285714,0.42857142857142855,1.1882523095313346
andy,144,10,44328.1,8,0.2,0.8,0.47957905455967414
andy,145,9,139946.55555555556,3,0.6666666666666666,0.3333333333333333,1.5350567286626973
andy,146,11,80097.36363636363,8,0.2727272727272727,0.7272727272727273,0.6777018135785455
andy,147,7,62056.57142857143,5,0.2857142857142857,0.7142857142857143,0.5941261547656673
andy,148,9,62747.77777777778,6,0.3333333333333333,0.6666666666666666,0.7675283643313486
andy,149,4,89216.5,3,0.25,0.75,0.40235947810852507
andy,150,5,54429.6,3,0.4,0.6,0.716703787691222
andy,151,4,116285.0,1,0.75,0.25,1.2070784343255752
andy,152,5,83277.6,3,0.4,0.6,0.716703787691222
andy,153,14,129607.78571428571,7,0.5,0.5,1.354025100551105
andy,154,61,138828.4262295082,21,0.6557377049180327,0.3442622950819672,2.706317629537765
andy,155,5,84459.4,3,0.4,0.6,0.716703787691222
andy,156,8,83335.75,4,0.375,0.5,0.8239592165010823
andy,157,9,72527.22222222222,7,0.2222222222222222,0.7777777777777778,0.511685576220899
andy,158,6,109396.33333333333,4,0.3333333333333333,0.6666666666666666,0.648636716351771
andy,159,5,89962.8,2,0.6,0.4,1.0750556815368328
andy,160,5,105512.0,3,0.4,0.6,0.716703787691222
andy,161,71,93474.38028169014,26,0.6338028169014085,0.36619718309859156,2.71056303317919
andy,162,52,143693.42307692306,12,0.75,0.23076923076923078,2.9777189351640914
andy,163,65,155251.56923076924,17,0.7230769230769231,0.26153846153846155,3.0294426596191073
andy,164,85,147372.7882352941,21,0.7411764705882353,0.24705882352941178,3.3014574078114234
andy,165,47,128769.87234042553,19,0.5957446808510638,0.40425531914893614,2.3062474107536373
andy,166,48,124698.72916666667,18,0.625,0.375,2.4323876863191414
andy,167,49,126092.42857142857,13,0.6938775510204082,0.2653061224489796,2.7144649425419787
andy,168,61,127425.37704918033,23,0.6229508196721312,0.3770491803278688,2.5710017480608767
andy,169,35,131833.14285714287,15,0.5714285714285714,0.42857142857142855,2.0477251076892053
andy,170,54,175610.14814814815,19,0.6481481481481481,0.35185185185185186,2.597345583021046
andy,171,61,99880.34426229508,22,0.6065573770491803,0.36065573770491804,2.5033438073224326
andy,172,2,45696.5,2,0.0,1.0,0.0
andy,173,1,2840.0,1,0.0,1.0,0.0
andy,174,1,1290.0,1,0.0,1.0,0.0
andy,175,1,38540.0,1,0.0,1.0,0.0
andy,176,1,241650.0,1,0.0,1.0,0.0
andy,177,1,281612.0,0,1.0,0.0,0.6931471805599453
andy,178,1,220100.0,0,1.0,0.0,0.6931471805599453
andy,179,2,136134.0,1,0.5,0.5,0.5493061443340549
andy,180,1,39840.0,1,0.0,1.0,0.0
andy,181,1,2990.0,1,0.0,1.0,0.0
andy,182,1,7970.0,1,0.0,1.0,0.0
andy,183,1,11380.0,1,0.0,1.0,0.0
andy,184,1,7090.0,1,0.0,1.0,0.0
andy,185,1,4200.0,1,0.0,1.0,0.0
andy,186,2,23831.5,2,0.0,1.0,0.0
andy,187,1,4950.0,1,0.0,1.0,0.0
andy,188,1,4570.0,1,0.0,1.0,0.0
andy,189,2,1590.0,2,0.0,1.0,0.0
andy,190,2,41335.0,2,0.0,1.0,0.0
andy,191,1,11940.0,1,0.0,1.0,0.0
andy,192,8,95164.375,4,0.5,0.5,1.0986122886681098
andy,193,10,17082.2,10,0.0,1.0,0.0
andy,194,6,7980.5,6,0.0,1.0,0.0
andy,195,13,62557.307692307695,11,0.15384615384615385,0.8461538461538461,0.406008819940809
andy,196,1,7930.0,1,0.0,1.0,0.0
andy,197,1,4296.0,1,0.0,1.0,0.0
andy,198,1,2723.0,1,0.0,1.0,0.0
andy,199,1,1263.0,1,0.0,1.0,0.0
andy,200,1,22120.0,1,0.0,1.0,0.0
andy,201,35,63628.91428571429,25,0.2857142857142857,0.7142857142857143,1.0238625538446027
andy,202,1,3256.0,1,0.0,1.0,0.0
andy,203,1,1823.0,1,0.0,1.0,0.0
andy,204,1,8103.0,1,0.0,1.0,0.0
andy,205,76,110966.76315789473,31,0.5921052631578947,0.40789473684210525,2.571990052413365
andy,206,1,2396.0,1,0.0,1.0,0.0
andy,207,1,5606.0,1,0.0,1.0,0.0
andy,208,1,4716.0,1,0.0,1.0,0.0
andy,209,1,16073.0,1,0.0,1.0,0.0
andy,210,1,7276.0,1,0.0,1.0,0.0
andy,211,1,8966.0,1,0.0,1.0,0.0
andy,212,1,4153.0,1,0.0,1.0,0.0
andy,213,1,2613.0,1,0.0,1.0,0.0
andy,214,1,1403.0,1,0.0,1.0,0.0
andy,215,1,8393.0,1,0.0,1.0,0.0
andy,216,1,9846.0,1,0.0,1.0,0.0
andy,217,1,14006.0,1,0.0,1.0,0.0
andy,218,1,27303.0,1,0.0,1.0,0.0
andy,219,1,3906.0,1,0.0,1.0,0.0
andy,220,1,503.0,1,0.0,1.0,0.0
andy,221,1,5176.0,1,0.0,1.0,0.0
andy,222,1,7886.0,1,0.0,1.0,0.0
andy,223,1,7563.0,1,0.0,1.0,0.0
andy,224,1,6216.0,1,0.0,1.0,0.0
andy,225,1,1773.0,1,0.0,1.0,0.0
andy,226,1,13873.0,1,0.0,1.0,0.0
andy,227,1,3516.0,1,0.0,1.0,0.0
andy,228,1,2263.0,1,0.0,1.0,0.0
andy,229,1,6393.0,1,0.0,1.0,0.0
andy,230,1,2793.0,1,0.0,1.0,0.0
andy,231,1,6423.0,1,0.0,1.0,0.0
andy,232,1,7003.0,1,0.0,1.0,0.0
andy,233,1,3283.0,1,0.0,1.0,0.0
andy,234,70,117723.72857142857,50,0.2857142857142857,0.7142857142857143,1.2179085362975186
andy,235,1,3423.0,1,0.0,1.0,0.0
andy,236,47,86226.5744680851,28,0.3829787234042553,0.5957446808510638,1.4825876211987667
andy,237,1,4076.0,1,0.0,1.0,0.0
andy,238,1,1603.0,1,0.0,1.0,0.0
andy,239,1,2673.0,1,0.0,1.0,0.0
andy,240,1,1243.0,1,0.0,1.0,0.0
andy,241,1,8923.0,1,0.0,1.0,0.0
andy,242,1,3653.0,1,0.0,1.0,0.0
andy,243,1,5673.0,1,0.0,1.0,0.0
andy,244,1,2003.0,1,0.0,1.0,0.0
andy,245,1,2993.0,1,0.0,1.0,0.0
andy,246,1,4833.0,1,0.0,1.0,0.0
andy,247,1,1043.0,1,0.0,1.0,0.0
andy,248,1,4633.0,1,0.0,1.0,0.0
andy,249,1,3943.0,1,0.0,1.0,0.0
andy,250,1,6533.0,1,0.0,1.0,0.0
andy,251,1,4403.0,1,0.0,1.0,0.0
andy,252,1,1573.0,1,0.0,1.0,0.0
andy,253,1,19083.0,1,0.0,1.0,0.0
andy,254,1,13593.0,1,0.0,1.0,0.0
andy,255,1,11293.0,1,0.0,1.0,0.0
andy,256,1,5036.0,1,0.0,1.0,0.0
andy,257,1,4516.0,1,0.0,1.0,0.0
andy,258,2,6874.5,2,0.0,1.0,0.0
andy,259,1,3993.0,1,0.0,1.0,0.0
andy,260,1,18546.0,1,0.0,1.0,0.0
andy,261,1,1773.0,1,0.0,1.0,0.0
andy,262,44,84374.52272727272,23,0.36363636363636365,0.5227272727272727,1.3842409053710254
andy,263,1,12373.0,1,0.0,1.0,0.0
andy,264,1,58220.0,1,0.0,1.0,0.0
andy,265,3,6659.666666666667,3,0.0,1.0,0.0
andy,266,2,6924.5,2,0.0,1.0,0.0
andy,267,39,81905.02564102564,23,0.41025641025641024,0.5897435897435898,1.5133864427134096
andy,268,1,11836.0,1,0.0,1.0,0.0
andy,269,2,7953.0,2,0.0,1.0,0.0
andy,270,1,51116.0,1,0.0,1.0,0.0
andy,271,2,75416.5,2,0.0,1.0,0.0
andy,272,3,15759.666666666666,3,0.0,1.0,0.0
andy,273,1,14966.0,1,0.0,1.0,0.0
andy,274,1,7543.0,1,0.0,1.0,0.0
andy,275,1,963.0,1,0.0,1.0,0.0
andy,276,2,6044.5,2,0.0,1.0,0.0
andy,277,3,37084.0,3,0.0,1.0,0.0
andy,278,1,7586.0,1,0.0,1.0,0.0
andy,279,2,216726.5,0,1.0,0.0,1.0986122886681098
andy,280,1,32546.0,1,0.0,1.0,0.0
andy,281,2,86044.5,1,0.5,0.5,0.5493061443340549
andy,282,2,140948.0,1,0.5,0.5,0.5493061443340549
andy,283,1,31086.0,1,0.0,1.0,0.0
andy,284,1,68283.0,1,0.0,1.0,0.0
andy,285,8,45750.625,6,0.25,0.75,0.5493061443340549
andy,286,1,262680.0,0,1.0,0.0,0.6931471805599453
andy,287,1,198000.0,0,1.0,0.0,0.6931471805599453
andy,288,1,164277.0,0,1.0,0.0,0.6931471805599453
andy,289,1,166594.0,0,1.0,0.0,0.6931471805599453
andy,290,1,22513.0,1,0.0,1.0,0.0
andy,291,1,203803.0,1,0.0,1.0,0.0
andy,292,3,89672.0,2,0.3333333333333333,0.6666666666666666,0.46209812037329684
andy,293,1,74454.0,1,0.0,1.0,0.0
andy,294,10,172125.1,2,0.8,0.2,1.9183162182386966
andy,295,16,56370.5625,12,0.25,0.75,0.708303336014054
andy,296,4,147692.5,2,0.5,0.5,0.8047189562170501
andy,297,9,103067.0,3,0.5555555555555556,0.3333333333333333,1.2792139405522478
andy,298,4,90163.75,3,0.25,0.75,0.40235947810852507
andy,299,15,17794.733333333334,15,0.0,1.0,0.0
andy,300,9,69256.66666666667,5,0.4444444444444444,0.5555555555555556,1.023371152441798
andy,301,1,7240.0,1,0.0,1.0,0.0
andy,302,198,115130.22727272728,36,0.797979797979798,0.18181818181818182,4.223950314679141
andy,303,33,61436.30303030303,24,0.2727272727272727,0.7272727272727273,0.9617346885316803
andy,304,22,66487.40909090909,16,0.2727272727272727,0.7272727272727273,0.8551347861624953
andy,305,1,9460.0,1,0.0,1.0,0.0
andy,306,6,110858.16666666667,4,0.3333333333333333,0.6666666666666666,0.648636716351771
andy,307,1,2350.0,1,0.0,1.0,0.0
andy,308,1,6740.0,1,0.0,1.0,0.0
andy,309,12,66357.75,11,0.08333333333333333,0.9166666666666666,0.21374577978846138
andy,310,8,145447.0,4,0.5,0.5,1.0986122886681098
andy,311,9,80176.44444444444,6,0.3333333333333333,0.6666666666666666,0.7675283643313486
andy,312,19,67023.68421052632,15,0.15789473684210525,0.7894736842105263,0.47301035898220906
andy,313,10,124389.9,8,0.2,0.8,0.47957905455967414
andy,314,4,59197.25,3,0.25,0.75,0.40235947810852507
andy,315,4,99301.75,3,0.25,0.75,0.40235947810852507
andy,316,8,90852.375,5,0.375,0.625,0.8239592165010823
andy,317,7,73083.57142857143,4,0.2857142857142857,0.5714285714285714,0.5941261547656673
andy,318,9,91512.0,5,0.4444444444444444,0.5555555555555556,1.023371152441798
andy,319,7,16901.428571428572,7,0.0,1.0,0.0
andy,320,11,53643.454545454544,9,0.18181818181818182,0.8181818181818182,0.4518012090523637
andy,321,2,110517.0,1,0.5,0.5,0.5493061443340549
andy,322,9,133309.88888888888,8,0.1111111111111111,0.8888888888888888,0.2558427881104495
andy,323,1,8000.0,1,0.0,1.0,0.0
andy,324,4,39821.25,3,0.25,0.75,0.40235947810852507
andy,325,5,80606.0,3,0.4,0.6,0.716703787691222
andy,326,5,47867.8,3,0.4,0.6,0.716703787691222
andy,327,3,69420.66666666667,3,0.0,1.0,0.0
andy,328,1,250127.0,0,1.0,0.0,0.6931471805599453
andy,329,1,237333.0,1,0.0,1.0,0.0
andy,330,1,17510.0,1,0.0,1.0,0.0
andy,331,6,41134.0,6,0.0,1.0,0.0
andy,332,4,12585.75,4,0.0,1.0,0.0
andy,333,7,49194.71428571428,5,0.2857142857142857,0.7142857142857143,0.5941261547656673
andy,334,5,36089.8,4,0.2,0.8,0.358351893845611
andy,335,7,79865.0,4,0.42857142857142855,0.5714285714285714,0.891189232148501
andy,336,5,76401.8,3,0.4,0.6,0.716703787691222
andy,337,6,70830.0,5,0.16666666666666666,0.8333333333333334,0.3243183581758855
andy,338,1,1020.0,1,0.0,1.0,0.0
andy,339,1,260333.0,0,1.0,0.0,0.6931471805599453
andy,340,1,9263.0,1,0.0,1.0,0.0
andy,341,3,100193.66666666667,2,0.3333333333333333,0.6666666666666666,0.46209812037329684
andy,342,8,52427.5,7,0.125,0.875,0.27465307216702745
andy,343,7,36076.71428571428,6,0.14285714285714285,0.8571428571428571,0.29706307738283366
andy,344,5,64247.2,3,0.4,0.6,0.716703787691222
andy,345,12,26948.416666666668,11,0.08333333333333333,0.9166666666666666,0.21374577978846138
andy,346,9,133894.0,5,0.4444444444444444,0.5555555555555556,1.023371152441798
andy,347,12,85684.5,7,0.4166666666666667,0.5833333333333334,1.068728898942307
andy,348,11,80576.18181818182,9,0.18181818181818182,0.8181818181818182,0.4518012090523637
andy,349,7,88188.42857142857,5,0.2857142857142857,0.7142857142857143,0.5941261547656673
andy,350,9,97641.11111111111,8,0.1111111111111111,0.8888888888888888,0.2558427881104495
andy,351,10,81327.4,6,0.4,0.6,0.9591581091193483
andy,352,10,143810.0,4,0.6,0.4,1.4387371636790223
andy,353,6,81820.66666666667,4,0.3333333333333333,0.6666666666666666,0.648636716351771
andy,354,2,115208.0,1,0.5,0.5,0.5493061443340549
andy,355,13,91145.0,10,0.23076923076923078,0.7692307692307693,0.6090132299112135
andy,356,6,43414.333333333336,5,0.16666666666666666,0.8333333333333334,0.3243183581758855
andy,357,7,98363.28571428571,3,0.42857142857142855,0.42857142857142855,0.891189232148501
andy,358,4,49535.25,3,0.25,0.75,0.40235947810852507
andy,359,5,16927.8,5,0.0,1.0,0.0
andy,360,4,3934.0,4,0.0,1.0,0.0
andy,361,6,63573.333333333336,5,0.16666666666666666,0.8333333333333334,0.3243183581758855
andy,362,6,75049.5,4,0.3333333333333333,0.6666666666666666,0.648636716351771
andy,363,4,59988.5,3,0.25,0.75,0.40235947810852507
andy,364,6,123288.83333333333,2,0.6666666666666666,0.3333333333333333,1.297273432703542
andy,365,3,42088.333333333336,3,0.0,1.0,0.0
andy,366,2,57208.0,2,0.0,1.0,0.0
andy,367,1,58910.0,1,0.0,1.0,0.0
andy,368,17,183230.17647058822,5,0.6470588235294118,0.29411764705882354,1.87024054922693
andy,369,10,38243.3,9,0.1,0.9,0.23978952727983707
andy,370,1,2363.0,1,0.0,1.0,0.0
andy,371,1,12010.0,1,0.0,1.0,0.0
andy,372,1,21186.0,1,0.0,1.0,0.0
andy,373,1,4626.0,1,0.0,1.0,0.0
andy,374,1,5126.0,1,0.0,1.0,0.0
andy,375,5,73339.0,3,0.4,0.6,0.716703787691222
andy,376,2,3995.0,2,0.0,1.0,0.0
andy,377,9,69729.11111111111,7,0.2222222222222222,0.7777777777777778,0.511685576220899
andy,378,8,32583.25,6,0.125,0.75,0.27465307216702745
andy,379,10,91970.9,4,0.5,0.4,1.1989476363991853
andy,380,10,168849.1,2,0.8,0.2,1.9183162182386966
andy,381,9,68778.0,6,0.3333333333333333,0.6666666666666666,0.7675283643313486
andy,382,4,78696.25,2,0.5,0.5,0.8047189562170501
andy,383,12,49671.916666666664,10,0.16666666666666666,0.8333333333333334,0.42749155957692275
andy,384,6,33896.333333333336,5,0.16666666666666666,0.8333333333333334,0.3243183581758855
andy,385,9,204033.44444444444,3,0.6666666666666666,0.3333333333333333,1.5350567286626973
andy,386,6,62010.0,5,0.16666666666666666,0.8333333333333334,0.3243183581758855
andy,387,8,115724.5,4,0.375,0.5,0.8239592165010823
andy,388,12,144297.08333333334,5,0.5833333333333334,0.4166666666666667,1.4962204585192298
andy,389,57,148727.9649122807,13,0.7543859649122807,0.22807017543859648,3.0631412184823863
andy,390,14,30151.285714285714,13,0.07142857142857142,0.9285714285714286,0.1934321572215864
andy,391,6,123993.66666666667,2,0.6666666666666666,0.3333333333333333,1.297273432703542
andy,392,7,75954.71428571429,6,0.14285714285714285,0.8571428571428571,0.29706307738283366
andy,393,8,75996.625,6,0.25,0.75,0.5493061443340549
andy,394,6,43836.0,4,0.3333333333333333,0.6666666666666666,0.648636716351771
andy,395,6,206715.83333333334,4,0.3333333333333333,0.6666666666666666,0.648636716351771
andy,396,4,18864.0,4,0.0,1.0,0.0
andy,397,6,70775.83333333333,4,0.3333333333333333,0.6666666666666666,0.648636716351771
andy,398,6,103225.0,3,0.5,0.5,0.9729550745276566
andy,399,7,115062.57142857143,5,0.2857142857142857,0.7142857142857143,0.5941261547656673
andy,400,7,153233.7142857143,2,0.7142857142857143,0.2857142857142857,1.4853153869141684
andy,401,8,60089.125,7,0.125,0.875,0.27465307216702745
andy,402,9,148830.0,3,0.6666666666666666,0.3333333333333333,1.5350567286626973
andy,403,8,174717.5,3,0.625,0.375,1.3732653608351373
andy,404,12,64689.333333333336,9,0.25,0.75,0.6412373393653842
andy,405,8,8225.5,8,0.0,1.0,0.0
andy,406,6,159977.5,2,0.6666666666666666,0.3333333333333333,1.297273432703542
andy,407,9,133028.88888888888,5,0.4444444444444444,0.5555555555555556,1.023371152441798
andy,408,4,8811.5,4,0.0,1.0,0.0
andy,409,3,123537.0,2,0.3333333333333333,0.6666666666666666,0.46209812037329684
andy,410,8,111188.375,3,0.625,0.375,1.3732653608351373
andy,411,6,56032.166666666664,5,0.16666666666666666,0.8333333333333334,0.3243183581758855
andy,412,8,44137.0,7,0.125,0.875,0.27465307216702745
andy,413,7,56242.142857142855,4,0.42857142857142855,0.5714285714285714,0.891189232148501
andy,414,6,47856.5,5,0.16666666666666666,0.8333333333333334,0.3243183581758855
andy,415,5,81172.0,3,0.4,0.6,0.716703787691222
andy,416,5,63654.2,4,0.2,0.8,0.358351893845611
andy,417,5,92783.4,2,0.6,0.4,1.0750556815368328
andy,418,18,98811.38888888889,10,0.4444444444444444,0.5555555555555556,1.3086395462961955
andy,419,12,165628.75,6,0.5,0.5,1.2824746787307684
andy,420,6,52673.166666666664,5,0.16666666666666666,0.8333333333333334,0.3243183581758855
andy,421,11,66848.81818181818,7,0.36363636363636365,0.6363636363636364,0.9036024181047274
andy,422,6,33427.666666666664,5,0.16666666666666666,0.8333333333333334,0.3243183581758855
andy,423,6,83045.83333333333,3,0.5,0.5,0.9729550745276566
andy,424,6,59947.833333333336,6,0.0,1.0,0.0
andy,425,5,44903.0,4,0.2,0.8,0.358351893845611
andy,426,6,103685.5,3,0.5,0.5,0.9729550745276566
andy,427,9,78804.11111111111,6,0.3333333333333333,0.6666666666666666,0.7675283643313486
andy,428,4,62463.75,3,0.25,0.75,0.40235947810852507
andy,429,7,46509.42857142857,6,0.0,0.8571428571428571,0.0
andy,430,6,13486.0,6,0.0,1.0,0.0
andy,431,7,12362.57142857143,7,0.0,1.0,0.0
andy,432,6,123912.33333333333,4,0.3333333333333333,0.6666666666666666,0.648636716351771
andy,433,7,60837.142857142855,6,0.14285714285714285,0.8571428571428571,0.29706307738283366
andy,434,5,86430.6,3,0.4,0.6,0.716703787691222
andy,435,4,48398.5,4,0.0,1.0,0.0
andy,436,4,79048.25,3,0.25,0.75,0.40235947810852507
andy,437,9,79631.22222222222,8,0.1111111111111111,0.8888888888888888,0.2558427881104495
andy,438,7,65961.71428571429,5,0.14285714285714285,0.7142857142857143,0.29706307738283366
andy,439,2,133400.5,1,0.5,0.5,0.5493061443340549
andy,440,7,3348.285714285714,7,0.0,1.0,0.0
andy,441,8,81985.0,5,0.375,0.625,0.8239592165010823
andy,442,7,59889.857142857145,6,0.14285714285714285,0.8571428571428571,0.29706307738283366
andy,443,9,94094.88888888889,4,0.5555555555555556,0.4444444444444444,1.2792139405522478
andy,444,9,83879.22222222222,5,0.4444444444444444,0.5555555555555556,1.023371152441798
andy,445,4,74262.25,2,0.5,0.5,0.8047189562170501
andy,446,6,140700.5,2,0.6666666666666666,0.3333333333333333,1.297273432703542
andy,447,8,184915.375,1,0.875,0.125,1.922571505169192
andy,448,6,77706.16666666667,5,0.16666666666666666,0.8333333333333334,0.3243183581758855
andy,449,9,34630.88888888889,8,0.1111111111111111,0.8888888888888888,0.2558427881104495
andy,450,7,156858.42857142858,6,0.14285714285714285,0.8571428571428571,0.29706307738283366
andy,451,4,30992.5,3,0.0,0.75,0.0
andy,452,8,81638.125,7,0.125,0.875,0.27465307216702745
andy,453,1,63420.0,1,0.0,1.0,0.0
andy,454,1,20900.0,1,0.0,1.0,0.0
andy,455,1,38720.0,1,0.0,1.0,0.0
andy,456,5,10081.4,5,0.0,1.0,0.0
andy,457,38,167290.63157894736,7,0.8157894736842105,0.18421052631578946,2.988695027105764
andy,458,8,77707.25,4,0.5,0.5,1.0986122886681098
andy,459,8,28423.625,6,0.25,0.75,0.5493061443340549
andy,460,3,66635.33333333333,2,0.3333333333333333,0.6666666666666666,0.46209812037329684
andy,461,4,74076.75,3,0.25,0.75,0.40235947810852507
andy,462,6,79099.16666666667,5,0.16666666666666666,0.8333333333333334,0.3243183581758855
andy,463,7,87592.57142857143,4,0.42857142857142855,0.5714285714285714,0.891189232148501
andy,464,7,52365.0,7,0.0,1.0,0.0
andy,465,12,37783.5,10,0.08333333333333333,0.8333333333333334,0.21374577978846138
andy,466,8,49100.875,6,0.25,0.75,0.5493061443340549
andy,467,7,20829.285714285714,7,0.0,1.0,0.0
andy,468,4,66784.5,3,0.25,0.75,0.40235947810852507
andy,469,6,109849.5,2,0.6666666666666666,0.3333333333333333,1.297273432703542
andy,470,7,103212.71428571429,5,0.2857142857142857,0.7142857142857143,0.5941261547656673
andy,471,2,84361.5,1,0.5,0.5,0.5493061443340549
andy,472,7,42936.42857142857,4,0.42857142857142855,0.5714285714285714,0.891189232148501
andy,473,8,62599.625,6,0.25,0.75,0.5493061443340549
andy,474,9,163414.33333333334,3,0.6666666666666666,0.3333333333333333,1.5350567286626973
andy,475,1,889.0,1,0.0,1.0,0.0
andy,476,1,688.0,1,0.0,1.0,0.0
andy,477,1,455.0,1,0.0,1.0,0.0
andy,478,2,973.5,2,0.0,1.0,0.0
andy,479,1,927.0,1,0.0,1.0,0.0
andy,480,1,938.0,1,0.0,1.0,0.0
andy,481,1,6588.0,1,0.0,1.0,0.0
andy,482,1,9155.0,1,0.0,1.0,0.0
andy,483,2,3650.5,2,0.0,1.0,0.0
andy,484,1,6064.0,1,0.0,1.0,0.0
andy,485,1,2174.0,1,0.0,1.0,0.0
andy,486,2,10618.0,2,0.0,1.0,0.0
andy,487,1,2628.0,1,0.0,1.0,0.0
andy,488,2,1130.0,2,0.0,1.0,0.0
andy,489,1,3313.0,1,0.0,1.0,0.0
andy,490,1,1785.0,1,0.0,1.0,0.0
andy,491,1,12097.0,1,0.0,1.0,0.0
andy,492,1,868.0,1,0.0,1.0,0.0
andy,493,2,6325.5,2,0.0,1.0,0.0
andy,494,1,1231.0,1,0.0,1.0,0.0
andy,495,7,88603.42857142857,4,0.42857142857142855,0.5714285714285714,0.891189232148501
andy,496,5,14223.6,5,0.0,1.0,0.0
andy,497,5,24067.2,5,0.0,1.0,0.0
andy,498,1,2310.0,1,0.0,1.0,0.0
andy,499,10,148449.2,3,0.7,0.3,1.6785266909588594
andy,500,12,77134.75,8,0.3333333333333333,0.6666666666666666,0.8549831191538455
andy,501,7,104433.14285714286,5,0.2857142857142857,0.7142857142857143,0.5941261547656673
andy,502,3,95617.66666666667,2,0.3333333333333333,0.6666666666666666,0.46209812037329684
andy,503,2,875.0,2,0.0,1.0,0.0
andy,504,9,131240.66666666666,4,0.4444444444444444,0.4444444444444444,1.023371152441798
andy,505,5,86358.4,4,0.2,0.8,0.358351893845611
andy,506,8,47069.0,6,0.25,0.75,0.5493061443340549
andy,507,4,100652.5,3,0.25,0.75,0.40235947810852507
andy,508,4,4259.75,4,0.0,1.0,0.0
andy,509,69,112926.01449275362,33,0.5217391304347826,0.4782608695652174,2.216606213243144
andy,510,4,24985.75,4,0.0,1.0,0.0
andy,511,4,59690.75,3,0.25,0.75,0.40235947810852507
andy,512,2,856.0,2,0.0,1.0,0.0
andy,513,8,59668.5,7,0.125,0.875,0.27465307216702745
andy,514,8,67371.125,8,0.0,1.0,0.0
andy,515,7,34583.857142857145,7,0.0,1.0,0.0
andy,516,5,6124.0,5,0.0,1.0,0.0
andy,517,5,30748.6,4,0.2,0.8,0.358351893845611
andy,518,5,6220.0,5,0.0,1.0,0.0
andy,519,4,51173.25,3,0.25,0.75,0.40235947810852507
andy,520,8,34165.625,7,0.125,0.875,0.27465307216702745
andy,521,7,69024.85714285714,5,0.2857142857142857,0.7142857142857143,0.5941261547656673
andy,522,5,79856.2,2,0.6,0.4,1.0750556815368328
andy,523,5,39762.8,4,0.2,0.8,0.358351893845611
andy,524,5,60759.8,4,0.2,0.8,0.358351893845611
andy,525,10,22184.4,9,0.1,0.9,0.23978952727983707
andy,526,6,44303.333333333336,5,0.16666666666666666,0.8333333333333334,0.3243183581758855
andy,527,8,23294.5,7,0.125,0.875,0.27465307216702745
andy,528,5,85694.0,4,0.2,0.8,0.358351893845611
andy,529,5,88682.4,3,0.4,0.6,0.716703787691222
andy,530,4,103901.75,2,0.5,0.5,0.8047189562170501
andy,531,4,172358.25,2,0.5,0.5,0.8047189562170501
andy,532,3,99504.66666666667,3,0.0,1.0,0.0
andy,533,7,34031.28571428572,5,0.14285714285714285,0.7142857142857143,0.29706307738283366
andy,534,12,124365.58333333333,8,0.3333333333333333,0.6666666666666666,0.8549831191538455
andy,535,11,103891.81818181818,6,0.45454545454545453,0.5454545454545454,1.1295030226309093
andy,536,8,67798.0,6,0.25,0.75,0.5493061443340549
andy,537,5,66076.4,5,0.0,1.0,0.0
andy,538,1,16686.0,1,0.0,1.0,0.0
andy,539,10,65569.4,6,0.4,0.6,0.9591581091193483
andy,540,1,2316.0,1,0.0,1.0,0.0
andy,541,1,12663.0,1,0.0,1.0,0.0
andy,542,10,84434.6,5,0.4,0.5,0.9591581091193483
andy,543,1,13496.0,1,0.0,1.0,0.0
andy,544,1,4736.0,1,0.0,1.0,0.0
andy,545,1,17783.0,1,0.0,1.0,0.0
andy,546,2,67023.0,2,0.0,1.0,0.0
andy,547,53,57227.56603773585,41,0.20754716981132076,0.7735849056603774,0.827902349286925
andy,548,1,2716.0,1,0.0,1.0,0.0
andy,549,5,123944.6,3,0.4,0.6,0.716703787691222
andy,550,8,64540.25,6,0.25,0.75,0.5493061443340549
andy,551,5,42597.8,4,0.2,0.8,0.358351893845611
andy,552,5,75556.4,3,0.4,0.6,0.716703787691222
andy,553,5,41266.0,4,0.2,0.8,0.358351893845611
andy,554,7,32485.14285714286,6,0.14285714285714285,0.8571428571428571,0.29706307738283366
andy,555,3,2453.0,3,0.0,1.0,0.0
andy,556,7,73290.42857142857,4,0.42857142857142855,0.5714285714285714,0.891189232148501
andy,557,5,105013.8,3,0.4,0.6,0.716703787691222
andy,558,7,127695.14285714286,4,0.42857142857142855,0.5714285714285714,0.891189232148501
andy,559,7,49837.857142857145,6,0.14285714285714285,0.8571428571428571,0.29706307738283366
andy,560,8,30090.125,8,0.0,1.0,0.0
andy,561,8,28062.625,7,0.125,0.875,0.27465307216702745
andy,562,8,43251.5,8,0.0,1.0,0.0
andy,563,5,52538.6,4,0.2,0.8,0.358351893845611
andy,564,6,42579.833333333336,5,0.16666666666666666,0.8333333333333334,0.3243183581758855
andy,565,11,94081.09090909091,8,0.2727272727272727,0.7272727272727273,0.6777018135785455
andy,566,7,213528.85714285713,5,0.2857142857142857,0.7142857142857143,0.5941261547656673
andy,567,5,107357.4,3,0.4,0.6,0.716703787691222
andy,568,6,16629.0,6,0.0,1.0,0.0
andy,569,6,78552.83333333333,4,0.3333333333333333,0.6666666666666666,0.648636716351771
andy,570,11,69769.90909090909,7,0.36363636363636365,0.6363636363636364,0.9036024181047274
andy,571,7,38954.142857142855,6,0.14285714285714285,0.8571428571428571,0.29706307738283366
andy,572,5,35046.6,4,0.2,0.8,0.358351893845611
andy,573,9,85716.44444444444,4,0.5555555555555556,0.4444444444444444,1.2792139405522478
andy,574,6,75415.83333333333,5,0.16666666666666666,0.8333333333333334,0.3243183581758855
andy,575,8,29677.375,7,0.125,0.875,0.27465307216702745
andy,576,6,60562.833333333336,5,0.16666666666666666,0.8333333333333334,0.3243183581758855
andy,577,5,168656.4,1,0.8,0.2,1.433407575382444
andy,578,5,87191.8,3,0.4,0.6,0.716703787691222
andy,579,5,104989.4,2,0.6,0.4,1.0750556815368328
andy,580,4,96300.75,3,0.25,0.75,0.40235947810852507
andy,581,6,108618.0,3,0.5,0.5,0.9729550745276566
andy,582,4,120117.5,1,0.75,0.25,1.2070784343255752
andy,583,7,73908.0,6,0.14285714285714285,0.8571428571428571,0.29706307738283366
andy,584,2,2600.5,2,0.0,1.0,0.0
andy,585,5,176620.2,2,0.6,0.4,1.0750556815368328
andy,586,5,56557.4,4,0.2,0.8,0.358351893845611
andy,587,9,85615.55555555556,8,0.1111111111111111,0.8888888888888888,0.2558427881104495
andy,588,9,26296.444444444445,8,0.1111111111111111,0.8888888888888888,0.2558427881104495
andy,589,6,6836.833333333333,6,0.0,1.0,0.0
andy,590,23,108349.91304347826,9,0.6086956521739131,0.391304347826087,1.9344675489074454
andy,591,1,143587.0,1,0.0,1.0,0.0
andy,592,4,38901.0,1,0.75,0.25,1.2070784343255752
andy,593,6,96672.0,4,0.3333333333333333,0.6666666666666666,0.648636716351771
andy,594,6,100457.16666666667,3,0.5,0.5,0.9729550745276566
andy,595,4,58698.0,2,0.25,0.5,0.40235947810852507
andy,596,4,104893.0,3,0.25,0.75,0.40235947810852507
andy,597,7,44626.57142857143,6,0.14285714285714285,0.8571428571428571,0.29706307738283366
andy,598,5,105221.2,4,0.2,0.8,0.358351893845611
andy,599,10,62248.5,8,0.2,0.8,0.47957905455967414
andy,600,7,127427.28571428571,3,0.5714285714285714,0.42857142857142855,1.1882523095313346
andy,601,9,32101.555555555555,7,0.1111111111111111,0.7777777777777778,0.2558427881104495
andy,602,1,21063.0,1,0.0,1.0,0.0
andy,603,1,6131.0,1,0.0,1.0,0.0
andy,604,9,85914.44444444444,6,0.3333333333333333,0.6666666666666666,0.7675283643313486
andy,605,10,128752.7,5,0.5,0.5,1.1989476363991853
andy,606,6,60481.166666666664,5,0.16666666666666666,0.8333333333333334,0.3243183581758855
andy,607,2,7578.0,2,0.0,1.0,0.0
andy,608,8,36860.875,8,0.0,1.0,0.0
andy,609,6,46248.666666666664,5,0.16666666666666666,0.8333333333333334,0.3243183581758855
andy,610,5,104317.8,2,0.6,0.4,1.0750556815368328
andy,611,7,112074.71428571429,4,0.42857142857142855,0.5714285714285714,0.891189232148501
andy,612,8,9022.25,8,0.0,1.0,0.0
andy,613,6,5542.5,6,0.0,1.0,0.0
andy,614,6,123650.33333333333,4,0.3333333333333333,0.6666666666666666,0.648636716351771
andy,615,6,42603.333333333336,5,0.16666666666666666,0.8333333333333334,0.3243183581758855
andy,616,4,101239.25,2,0.5,0.5,0.8047189562170501
andy,617,4,103776.5,3,0.25,0.75,0.40235947810852507
andy,618,1,58308.0,1,0.0,1.0,0.0
andy,619,4,29668.0,4,0.0,1.0,0.0
andy,620,7,37595.57142857143,6,0.14285714285714285,0.8571428571428571,0.29706307738283366
andy,621,1,773.0,1,0.0,1.0,0.0
andy,622,2,12008.0,2,0.0,1.0,0.0
andy,623,1,7503.0,1,0.0,1.0,0.0
andy,624,4,64617.5,2,0.0,0.5,0.0
andy,625,7,65772.42857142857,6,0.14285714285714285,0.8571428571428571,0.29706307738283366
andy,626,1,15016.0,1,0.0,1.0,0.0
andy,627,1,7026.0,1,0.0,1.0,0.0
andy,628,1,6163.0,1,0.0,1.0,0.0
andy,629,1,8190.0,1,0.0,1.0,0.0
andy,630,2,7646.5,2,0.0,1.0,0.0
andy,631,1,5466.0,1,0.0,1.0,0.0
andy,632,4,74282.75,3,0.25,0.75,0.40235947810852507
andy,633,64,107548.25,30,0.53125,0.46875,2.217643237132057
andy,634,23,74638.0,14,0.391304347826087,0.6086956521739131,1.2435862814405005
andy,635,39,57609.692307692305,30,0.20512820512820512,0.7692307692307693,0.7566932213567048
andy,636,5,22682.4,5,0.0,1.0,0.0
andy,637,4,2368.5,2,0.0,0.5,0.0
andy,638,7,124167.0,5,0.2857142857142857,0.7142857142857143,0.5941261547656673
andy,639,8,107640.125,4,0.5,0.5,1.0986122886681098
andy,640,3,2321.0,3,0.0,1.0,0.0
andy,641,11,72317.81818181818,10,0.09090909090909091,0.9090909090909091,0.22590060452618185
andy,642,7,57700.857142857145,6,0.14285714285714285,0.8571428571428571,0.29706307738283366
andy,643,7,98964.42857142857,3,0.5714285714285714,0.42857142857142855,1.1882523095313346
andy,644,4,48846.25,4,0.0,1.0,0.0
andy,645,1,15153.0,1,0.0,1.0,0.0
andy,646,1,69996.0,1,0.0,1.0,0.0
andy,647,1,4743.0,1,0.0,1.0,0.0
andy,648,1,5523.0,1,0.0,1.0,0.0
andy,649,2,25703.0,2,0.0,1.0,0.0
andy,650,5,18569.8,5,0.0,1.0,0.0
andy,651,41,211736.46341463414,12,0.7073170731707317,0.2926829268292683,2.643717534883358
andy,652,3,108938.0,2,0.3333333333333333,0.6666666666666666,0.46209812037329684
andy,653,5,63175.0,5,0.0,1.0,0.0
andy,654,9,23399.0,9,0.0,1.0,0.0
andy,655,4,86960.25,3,0.25,0.75,0.40235947810852507
andy,656,10,31903.2,8,0.2,0.8,0.47957905455967414
andy,657,9,72207.22222222222,7,0.2222222222222222,0.7777777777777778,0.511685576220899
andy,658,4,10254.75,4,0.0,1.0,0.0
andy,659,4,14557.5,4,0.0,1.0,0.0
andy,660,6,14700.666666666666,6,0.0,1.0,0.0
andy,661,6,89682.66666666667,4,0.3333333333333333,0.6666666666666666,0.648636716351771
andy,662,4,28345.25,4,0.0,1.0,0.0
andy,663,4,106493.25,2,0.5,0.5,0.8047189562170501
andy,664,7,3065.0,7,0.0,1.0,0.0
andy,665,5,52189.2,4,0.2,0.8,0.358351893845611
andy,666,8,49083.25,7,0.125,0.875,0.27465307216702745
andy,667,9,136822.33333333334,3,0.6666666666666666,0.3333333333333333,1.5350567286626973
andy,668,6,14311.166666666666,6,0.0,1.0,0.0
andy,669,7,42263.28571428572,6,0.14285714285714285,0.8571428571428571,0.29706307738283366
andy,670,1,1090.0,1,0.0,1.0,0.0
andy,671,1,2100.0,1,0.0,1.0,0.0
andy,672,1,8790.0,1,0.0,1.0,0.0
andy,673,1,8320.0,1,0.0,1.0,0.0
andy,674,1,5530.0,1,0.0,1.0,0.0
andy,675,1,1920.0,1,0.0,1.0,0.0
andy,676,1,1560.0,1,0.0,1.0,0.0
andy,677,1,4960.0,1,0.0,1.0,0.0
andy,678,1,5490.0,0,0.0,0.0,0.0
andy,679,9,40257.77777777778,6,0.2222222222222222,0.6666666666666666,0.511685576220899
andy,680,5,101949.8,2,0.6,0.4,1.0750556815368328
andy,681,8,102418.375,4,0.375,0.5,0.8239592165010823
andy,682,2,6775.0,2,0.0,1.0,0.0
andy,683,7,134606.85714285713,2,0.7142857142857143,0.2857142857142857,1.4853153869141684
andy,684,6,89202.16666666667,4,0.3333333333333333,0.6666666666666666,0.648636716351771
andy,685,12,67052.08333333333,9,0.25,0.75,0.6412373393653842
andy,686,9,46496.22222222222,6,0.2222222222222222,0.6666666666666666,0.511685576220899
andy,687,6,51607.833333333336,5,0.16666666666666666,0.8333333333333334,0.3243183581758855
andy,688,4,154405.25,2,0.5,0.5,0.8047189562170501
andy,689,8,44699.875,7,0.125,0.875,0.27465307216702745
andy,690,3,20832.0,3,0.0,1.0,0.0
andy,691,4,80991.5,3,0.25,0.75,0.40235947810852507
andy,692,2,25873.0,2,0.0,1.0,0.0
andy,693,9,10905.222222222223,9,0.0,1.0,0.0
andy,694,6,19438.666666666668,6,0.0,1.0,0.0
andy,695,5,73594.6,3,0.4,0.6,0.716703787691222
andy,696,2,1583.0,2,0.0,1.0,0.0
andy,697,11,45479.27272727273,11,0.0,1.0,0.0
andy,698,3,45305.333333333336,1,0.6666666666666666,0.3333333333333333,0.9241962407465937
andy,699,4,54205.75,3,0.25,0.75,0.40235947810852507
andy,700,7,99135.71428571429,4,0.42857142857142855,0.5714285714285714,0.891189232148501
andy,701,9,126888.77777777778,5,0.4444444444444444,0.5555555555555556,1.023371152441798
andy,702,8,137767.75,4,0.5,0.5,1.0986122886681098
andy,703,8,217600.125,1,0.875,0.125,1.922571505169192
andy,704,9,123651.33333333333,4,0.5555555555555556,0.4444444444444444,1.2792139405522478
andy,705,5,3373.6,5,0.0,1.0,0.0
andy,706,6,107285.33333333333,4,0.3333333333333333,0.6666666666666666,0.648636716351771
andy,707,1,28096.0,1,0.0,1.0,0.0
andy,708,5,8938.2,5,0.0,1.0,0.0
andy,709,7,63971.857142857145,5,0.2857142857142857,0.7142857142857143,0.5941261547656673
andy,710,7,104360.0,3,0.5714285714285714,0.42857142857142855,1.1882523095313346
andy,711,49,162539.3673469388,12,0.7551020408163265,0.24489795918367346,2.953976555119212
andy,712,3,80323.66666666667,2,0.3333333333333333,0.6666666666666666,0.46209812037329684
andy,713,8,128158.0,6,0.25,0.75,0.5493061443340549
andy,714,13,91549.0,11,0.07692307692307693,0.8461538461538461,0.2030044099704045
andy,715,1,9111.0,1,0.0,1.0,0.0
andy,716,1,4933.0,1,0.0,1.0,0.0
andy,717,4,85391.0,2,0.5,0.5,0.8047189562170501
andy,718,3,142931.33333333334,1,0.6666666666666666,0.3333333333333333,0.9241962407465937
andy,719,5,124113.2,1,0.8,0.2,1.433407575382444
andy,720,8,137912.5,5,0.375,0.625,0.8239592165010823
andy,721,5,20711.4,5,0.0,1.0,0.0
andy,722,5,3729.8,5,0.0,1.0,0.0
andy,723,7,3383.4285714285716,7,0.0,1.0,0.0
andy,724,10,51544.4,9,0.1,0.9,0.23978952727983707
andy,725,16,65910.0,10,0.375,0.625,1.0624550040210812
andy,726,6,26425.166666666668,5,0.16666666666666666,0.8333333333333334,0.3243183581758855
andy,727,14,72206.0,10,0.2857142857142857,0.7142857142857143,0.7737286288863456
andy,728,6,37350.666666666664,4,0.3333333333333333,0.6666666666666666,0.648636716351771
andy,729,8,58435.125,7,0.125,0.875,0.27465307216702745
andy,730,13,22553.46153846154,13,0.0,1.0,0.0
andy,731,6,84709.0,6,0.0,1.0,0.0
andy,732,12,41648.833333333336,7,0.4166666666666667,0.5833333333333334,1.068728898942307
andy,733,5,58704.2,3,0.4,0.6,0.716703787691222
andy,734,6,69798.0,4,0.3333333333333333,0.6666666666666666,0.648636716351771
andy,735,3,160479.66666666666,1,0.6666666666666666,0.3333333333333333,0.9241962407465937
andy,736,9,74388.11111111111,7,0.2222222222222222,0.7777777777777778,0.511685576220899
andy,737,4,59765.25,3,0.25,0.75,0.40235947810852507
andy,738,10,135824.2,4,0.6,0.4,1.4387371636790223
andy,739,11,97576.72727272728,7,0.36363636363636365,0.6363636363636364,0.9036024181047274
andy,740,7,75363.42857142857,5,0.14285714285714285,0.7142857142857143,0.29706307738283366
andy,741,7,33255.857142857145,6,0.14285714285714285,0.8571428571428571,0.29706307738283366
andy,742,10,45282.1,7,0.3,0.7,0.7193685818395111
andy,743,5,104056.2,4,0.2,0.8,0.358351893845611
andy,744,8,24850.25,8,0.0,1.0,0.0
andy,745,6,79331.83333333333,4,0.3333333333333333,0.6666666666666666,0.648636716351771
andy,746,5,1885.6,5,0.0,1.0,0.0
andy,747,5,96728.6,3,0.4,0.6,0.716703787691222
andy,748,5,55175.2,4,0.2,0.8,0.358351893845611
andy,749,9,27591.88888888889,7,0.1111111111111111,0.7777777777777778,0.2558427881104495
andy,750,8,29819.75,8,0.0,1.0,0.0
andy,751,4,1942.25,4,0.0,1.0,0.0
andy,752,6,85265.83333333333,3,0.5,0.5,0.9729550745276566
andy,753,8,93221.375,6,0.25,0.75,0.5493061443340549
andy,754,9,80901.55555555556,5,0.4444444444444444,0.5555555555555556,1.023371152441798
andy,755,5,62859.4,4,0.2,0.8,0.358351893845611
andy,756,7,108429.85714285714,4,0.42857142857142855,0.5714285714285714,0.891189232148501
andy,757,11,56074.27272727273,8,0.2727272727272727,0.7272727272727273,0.6777018135785455
andy,758,15,131669.2,8,0.4,0.5333333333333333,1.1090354888959124
andy,759,4,59789.75,3,0.25,0.75,0.40235947810852507
andy,760,7,43843.142857142855,6,0.14285714285714285,0.8571428571428571,0.29706307738283366
andy,761,7,63856.71428571428,5,0.2857142857142857,0.7142857142857143,0.5941261547656673
andy,762,4,31105.0,4,0.0,1.0,0.0
andy,763,2,1907.0,2,0.0,1.0,0.0
andy,764,4,107952.25,2,0.5,0.5,0.8047189562170501
andy,765,6,82949.66666666667,3,0.5,0.5,0.9729550745276566
andy,766,7,95030.0,5,0.2857142857142857,0.7142857142857143,0.5941261547656673
andy,767,2,106705.0,1,0.5,0.5,0.5493061443340549
andy,768,7,31965.0,7,0.0,1.0,0.0
andy,769,9,34531.88888888889,7,0.2222222222222222,0.7777777777777778,0.511685576220899
andy,770,7,171948.0,4,0.42857142857142855,0.5714285714285714,0.891189232148501
andy,771,7,110905.71428571429,5,0.2857142857142857,0.7142857142857143,0.5941261547656673
andy,772,9,24884.222222222223,8,0.1111111111111111,0.8888888888888888,0.2558427881104495
andy,773,10,61741.9,8,0.2,0.8,0.47957905455967414
andy,774,10,102360.5,6,0.3,0.6,0.7193685818395111
andy,775,8,118432.125,5,0.375,0.625,0.8239592165010823
andy,776,10,94437.1,7,0.3,0.7,0.7193685818395111
andy,777,11,96659.45454545454,7,0.36363636363636365,0.6363636363636364,0.9036024181047274
andy,778,4,75132.75,3,0.25,0.75,0.40235947810852507
andy,779,7,83588.14285714286,5,0.2857142857142857,0.7142857142857143,0.5941261547656673
andy,780,6,208870.0,2,0.6666666666666666,0.3333333333333333,1.297273432703542
andy,781,2,118943.0,1,0.5,0.5,0.5493061443340549
andy,782,2,129932.0,2,0.0,1.0,0.0
andy,783,8,72851.875,5,0.375,0.625,0.8239592165010823
andy,784,7,136185.42857142858,5,0.2857142857142857,0.7142857142857143,0.5941261547656673
andy,785,7,74617.57142857143,6,0.14285714285714285,0.8571428571428571,0.29706307738283366
andy,786,3,1057.0,3,0.0,1.0,0.0
andy,787,7,121884.28571428571,4,0.42857142857142855,0.5714285714285714,0.891189232148501
andy,788,6,4328.166666666667,6,0.0,1.0,0.0
andy,789,7,61688.0,5,0.2857142857142857,0.7142857142857143,0.5941261547656673
andy,790,8,116736.25,5,0.25,0.625,0.5493061443340549
andy,791,7,180151.42857142858,1,0.8571428571428571,0.14285714285714285,1.782378464297002
andy,792,7,36308.0,6,0.14285714285714285,0.8571428571428571,0.29706307738283366
andy,793,2,11823.5,2,0.0,1.0,0.0
andy,794,7,9220.142857142857,6,0.0,0.8571428571428571,0.0
andy,795,6,45427.833333333336,5,0.16666666666666666,0.8333333333333334,0.3243183581758855
andy,796,6,35934.5,5,0.16666666666666666,0.8333333333333334,0.3243183581758855
andy,797,11,56284.09090909091,10,0.09090909090909091,0.9090909090909091,0.22590060452618185
andy,798,7,70129.42857142857,5,0.2857142857142857,0.7142857142857143,0.5941261547656673
andy,799,7,150068.14285714287,3,0.5714285714285714,0.42857142857142855,1.1882523095313346
andy,800,6,37688.0,6,0.0,1.0,0.0
andy,801,6,48279.666666666664,4,0.3333333333333333,0.6666666666666666,0.648636716351771
andy,802,3,60471.333333333336,2,0.3333333333333333,0.6666666666666666,0.46209812037329684
andy,803,5,62326.6,4,0.2,0.8,0.358351893845611
andy,804,5,54526.4,4,0.2,0.8,0.358351893845611
andy,805,7,11312.142857142857,7,0.0,1.0,0.0
andy,806,2,6195.0,2,0.0,1.0,0.0
andy,807,1,310.0,1,0.0,1.0,0.0
andy,808,11,73895.54545454546,8,0.2727272727272727,0.7272727272727273,0.6777018135785455
andy,809,6,105643.83333333333,4,0.3333333333333333,0.6666666666666666,0.648636716351771
andy,810,4,101466.0,2,0.5,0.5,0.8047189562170501
andy,811,7,21771.0,6,0.14285714285714285,0.8571428571428571,0.29706307738283366
andy,812,5,34011.0,4,0.2,0.8,0.358351893845611
andy,813,7,31704.85714285714,6,0.14285714285714285,0.8571428571428571,0.29706307738283366
andy,814,8,44328.125,7,0.125,0.875,0.27465307216702745
andy,815,5,97305.8,3,0.4,0.6,0.716703787691222
andy,816,9,57302.11111111111,7,0.2222222222222222,0.7777777777777778,0.511685576220899
andy,817,5,42628.6,4,0.2,0.8,0.358351893845611
andy,818,6,112095.33333333333,5,0.16666666666666666,0.8333333333333334,0.3243183581758855
andy,819,5,85300.2,3,0.4,0.6,0.716703787691222
andy,820,5,31040.0,4,0.2,0.8,0.358351893845611
andy,821,9,91630.44444444444,6,0.3333333333333333,0.6666666666666666,0.7675283643313486
andy,822,79,184259.93670886077,13,0.8354430379746836,0.16455696202531644,3.660933644157926
andy,823,2,7283.0,2,0.0,1.0,0.0
andy,824,1,22540.0,1,0.0,1.0,0.0
andy,825,1,933.0,1,0.0,1.0,0.0
andy,826,1,9886.0,1,0.0,1.0,0.0
andy,827,1,110353.0,1,0.0,1.0,0.0
andy,828,5,124624.2,4,0.2,0.8,0.358351893845611
andy,829,4,174117.25,4,0.0,1.0,0.0
andy,830,17,82321.88235294117,11,0.35294117647058826,0.6470588235294118,1.0201312086692347
andy,831,8,96029.25,3,0.625,0.375,1.3732653608351373
andy,832,8,59233.375,6,0.25,0.75,0.5493061443340549
andy,833,6,37530.833333333336,5,0.16666666666666666,0.8333333333333334,0.3243183581758855
andy,834,14,96347.07142857143,7,0.5,0.5,1.354025100551105
andy,835,7,23452.714285714286,7,0.0,1.0,0.0
andy,836,3,93910.66666666667,2,0.3333333333333333,0.6666666666666666,0.46209812037329684
andy,837,8,22241.875,7,0.125,0.875,0.27465307216702745
andy,838,10,43222.2,8,0.2,0.8,0.47957905455967414
andy,839,8,80898.625,7,0.125,0.875,0.27465307216702745
andy,840,1,2053.0,1,0.0,1.0,0.0
andy,841,4,55834.25,3,0.25,0.75,0.40235947810852507
andy,842,10,40284.3,10,0.0,1.0,0.0
andy,843,4,66996.0,3,0.25,0.75,0.40235947810852507
andy,844,7,97023.85714285714,4,0.42857142857142855,0.5714285714285714,0.891189232148501
andy,845,2,103090.0,1,0.5,0.5,0.5493061443340549
andy,846,4,79818.25,3,0.25,0.75,0.40235947810852507
andy,847,6,41241.5,5,0.16666666666666666,0.8333333333333334,0.3243183581758855
andy,848,2,911.5,2,0.0,1.0,0.0
andy,849,3,11555.333333333334,3,0.0,1.0,0.0
andy,850,6,47031.166666666664,5,0.16666666666666666,0.8333333333333334,0.3243183581758855
andy,851,8,169987.125,6,0.25,0.75,0.5493061443340549
andy,852,5,6322.4,5,0.0,1.0,0.0
andy,853,4,97684.25,3,0.25,0.75,0.40235947810852507
andy,854,7,15428.857142857143,7,0.0,1.0,0.0
andy,855,5,83065.2,3,0.4,0.6,0.716703787691222
andy,856,8,95388.625,4,0.5,0.5,1.0986122886681098
andy,857,3,67647.66666666667,2,0.3333333333333333,0.6666666666666666,0.46209812037329684
andy,858,6,36735.666666666664,6,0.0,1.0,0.0
andy,859,3,9315.333333333334,3,0.0,1.0,0.0
andy,860,10,149004.5,5,0.5,0.5,1.1989476363991853
andy,861,2,299443.0,0,1.0,0.0,1.0986122886681098
andy,862,6,92206.5,4,0.3333333333333333,0.6666666666666666,0.648636716351771
andy,863,7,33353.28571428572,6,0.14285714285714285,0.8571428571428571,0.29706307738283366
andy,864,4,4473.25,4,0.0,1.0,0.0
andy,865,3,83492.0,2,0.3333333333333333,0.6666666666666666,0.46209812037329684
andy,866,7,98280.57142857143,5,0.2857142857142857,0.7142857142857143,0.5941261547656673
andy,867,5,23930.4,4,0.2,0.8,0.358351893845611
andy,868,7,48914.42857142857,6,0.14285714285714285,0.8571428571428571,0.29706307738283366
andy,869,8,63629.25,6,0.25,0.75,0.5493061443340549
andy,870,1,62516.0,1,0.0,1.0,0.0
andy,871,1,30723.0,1,0.0,1.0,0.0
andy,872,3,168360.33333333334,3,0.0,1.0,0.0
andy,873,10,16606.5,9,0.1,0.9,0.23978952727983707
andy,874,4,76230.25,3,0.25,0.75,0.40235947810852507
andy,875,5,137057.0,3,0.4,0.6,0.716703787691222
andy,876,7,54810.28571428572,5,0.2857142857142857,0.7142857142857143,0.5941261547656673
andy,877,8,43773.875,7,0.125,0.875,0.27465307216702745
andy,878,14,102204.5,7,0.5,0.5,1.354025100551105
andy,879,7,52360.42857142857,5,0.2857142857142857,0.7142857142857143,0.5941261547656673
andy,880,7,37851.71428571428,6,0.14285714285714285,0.8571428571428571,0.29706307738283366
andy,881,5,1297.6,5,0.0,1.0,0.0
andy,882,11,66209.72727272728,9,0.18181818181818182,0.8181818181818182,0.4518012090523637
andy,883,5,95898.0,2,0.6,0.4,1.0750556815368328
andy,884,7,101361.57142857143,5,0.2857142857142857,0.7142857142857143,0.5941261547656673
andy,885,7,34730.71428571428,6,0.14285714285714285,0.8571428571428571,0.29706307738283366
andy,886,4,94257.5,3,0.25,0.75,0.40235947810852507
andy,887,4,1913.25,4,0.0,1.0,0.0
andy,888,10,31680.6,9,0.1,0.9,0.23978952727983707
andy,889,8,134082.75,6,0.25,0.75,0.5493061443340549
andy,890,6,45398.666666666664,5,0.16666666666666666,0.8333333333333334,0.3243183581758855
andy,891,4,50912.5,3,0.25,0.75,0.40235947810852507
andy,892,6,69879.16666666667,4,0.3333333333333333,0.6666666666666666,0.648636716351771
andy,893,3,46593.0,3,0.0,1.0,0.0
andy,894,7,23852.571428571428,6,0.14285714285714285,0.8571428571428571,0.29706307738283366
andy,895,9,62161.88888888889,5,0.4444444444444444,0.5555555555555556,1.023371152441798
andy,896,7,84185.28571428571,5,0.2857142857142857,0.7142857142857143,0.5941261547656673
andy,897,7,211036.42857142858,4,0.42857142857142855,0.5714285714285714,0.891189232148501
andy,898,3,106253.66666666667,1,0.6666666666666666,0.3333333333333333,0.9241962407465937
andy,899,6,46299.666666666664,5,0.16666666666666666,0.8333333333333334,0.3243183581758855
andy,900,7,74322.28571428571,4,0.42857142857142855,0.5714285714285714,0.891189232148501
andy,901,8,61147.75,6,0.25,0.75,0.5493061443340549
andy,902,6,124706.5,3,0.5,0.5,0.9729550745276566
andy,903,9,42604.77777777778,8,0.1111111111111111,0.8888888888888888,0.2558427881104495
andy,904,12,92154.5,8,0.3333333333333333,0.6666666666666666,0.8549831191538455
andy,905,5,43305.8,5,0.0,1.0,0.0
andy,906,4,58238.25,3,0.25,0.75,0.40235947810852507
andy,907,5,151736.2,1,0.6,0.2,1.0750556815368328
andy,908,9,59068.666666666664,8,0.1111111111111111,0.8888888888888888,0.2558427881104495
andy,909,5,204363.8,1,0.8,0.2,1.433407575382444
andy,910,5,49950.4,3,0.4,0.6,0.716703787691222
andy,911,11,68506.72727272728,8,0.2727272727272727,0.7272727272727273,0.6777018135785455
andy,912,4,38614.75,4,0.0,1.0,0.0
andy,913,8,115321.0,4,0.5,0.5,1.0986122886681098
andy,914,8,131987.0,4,0.5,0.5,1.0986122886681098
andy,915,9,9128.888888888889,9,0.0,1.0,0.0
andy,916,8,103310.0,3,0.625,0.375,1.3732653608351373
andy,917,9,32895.555555555555,8,0.1111111111111111,0.8888888888888888,0.2558427881104495
andy,918,6,83596.83333333333,4,0.3333333333333333,0.6666666666666666,0.648636716351771
andy,919,4,108927.25,2,0.5,0.5,0.8047189562170501
andy,920,8,93150.0,5,0.375,0.625,0.8239592165010823
andy,921,6,49019.166666666664,4,0.3333333333333333,0.6666666666666666,0.648636716351771
andy,922,4,56796.25,3,0.25,0.75,0.40235947810852507
andy,923,4,100129.25,3,0.25,0.75,0.40235947810852507
andy,924,4,92737.25,2,0.5,0.5,0.8047189562170501
andy,925,8,77560.0,4,0.5,0.5,1.0986122886681098
andy,926,5,71609.8,3,0.4,0.6,0.716703787691222
andy,927,4,2935.0,4,0.0,1.0,0.0
andy,928,7,104527.0,4,0.42857142857142855,0.5714285714285714,0.891189232148501
andy,929,1,21160.0,1,0.0,1.0,0.0
andy,930,1,43280.0,1,0.0,1.0,0.0
andy,931,1,9440.0,1,0.0,1.0,0.0
andy,932,1,30410.0,1,0.0,1.0,0.0
andy,933,2,2985.0,2,0.0,1.0,0.0
andy,934,2,8120.0,2,0.0,1.0,0.0
andy,935,2,4240.0,2,0.0,1.0,0.0
andy,936,1,10500.0,1,0.0,1.0,0.0
andy,937,1,2370.0,1,0.0,1.0,0.0
andy,938,1,7050.0,1,0.0,1.0,0.0
andy,939,2,1465.0,2,0.0,1.0,0.0
andy,940,1,7960.0,1,0.0,1.0,0.0
andy,941,1,1700.0,1,0.0,1.0,0.0
andy,942,1,32820.0,1,0.0,1.0,0.0
andy,943,1,13750.0,1,0.0,1.0,0.0
andy,944,3,169689.33333333334,1,0.6666666666666666,0.3333333333333333,0.9241962407465937
andy,945,6,45718.833333333336,4,0.3333333333333333,0.6666666666666666,0.648636716351771
andy,946,5,56259.4,4,0.2,0.8,0.358351893845611
andy,947,12,56324.25,11,0.08333333333333333,0.9166666666666666,0.21374577978846138
andy,948,10,40628.4,10,0.0,1.0,0.0
andy,949,3,109524.66666666667,2,0.3333333333333333,0.6666666666666666,0.46209812037329684
andy,950,5,157696.2,2,0.6,0.4,1.0750556815368328
andy,951,5,52245.6,4,0.2,0.8,0.358351893845611
andy,952,5,21279.2,5,0.0,1.0,0.0
andy,953,5,102970.6,4,0.2,0.8,0.358351893845611
andy,954,9,3685.1111111111113,9,0.0,1.0,0.0
andy,955,12,117801.5,6,0.5,0.5,1.2824746787307684
andy,956,9,117126.11111111111,5,0.4444444444444444,0.5555555555555556,1.023371152441798
andy,957,10,84017.2,7,0.3,0.7,0.7193685818395111
andy,958,4,45070.0,3,0.25,0.75,0.40235947810852507
andy,959,4,14777.5,4,0.0,1.0,0.0
andy,960,8,57486.625,7,0.125,0.875,0.27465307216702745
andy,961,8,82122.5,5,0.375,0.625,0.8239592165010823
andy,962,5,47761.0,4,0.2,0.8,0.358351893845611
andy,963,7,59982.142857142855,4,0.42857142857142855,0.5714285714285714,0.891189232148501
andy,964,4,83387.25,3,0.25,0.75,0.40235947810852507
andy,965,5,64330.8,4,0.2,0.8,0.358351893845611
andy,966,5,170104.4,3,0.4,0.6,0.716703787691222
andy,967,16,55792.75,12,0.1875,0.75,0.5312275020105406
andy,968,2,2076.5,2,0.0,1.0,0.0
andy,969,10,104920.7,7,0.3,0.7,0.7193685818395111
andy,970,7,36505.42857142857,6,0.14285714285714285,0.8571428571428571,0.29706307738283366
andy,971,11,83552.72727272728,7,0.36363636363636365,0.6363636363636364,0.9036024181047274
andy,972,12,44963.5,11,0.08333333333333333,0.9166666666666666,0.21374577978846138
andy,973,10,18061.1,10,0.0,1.0,0.0
andy,974,8,67793.25,5,0.375,0.625,0.8239592165010823
andy,975,4,60936.75,3,0.25,0.75,0.40235947810852507
andy,976,6,19550.0,6,0.0,1.0,0.0
andy,977,6,65584.5,4,0.3333333333333333,0.6666666666666666,0.648636716351771
andy,978,3,2621.0,3,0.0,1.0,0.0
andy,979,22,31901.227272727272,20,0.09090909090909091,0.9090909090909091,0.2850449287208318
andy,980,1,5440.0,1,0.0,1.0,0.0
andy,981,1,12320.0,1,0.0,1.0,0.0
andy,982,10,158554.0,3,0.7,0.3,1.6785266909588594
andy,983,3,58295.333333333336,3,0.0,1.0,0.0
andy,984,2,104291.5,1,0.5,0.5,0.5493061443340549
andy,985,4,145906.5,1,0.75,0.25,1.2070784343255752
andy,986,6,71977.0,4,0.3333333333333333,0.6666666666666666,0.648636716351771
andy,987,9,90536.22222222222,5,0.4444444444444444,0.5555555555555556,1.023371152441798
andy,988,6,99829.33333333333,2,0.6666666666666666,0.3333333333333333,1.297273432703542
andy,989,3,159004.66666666666,1,0.6666666666666666,0.3333333333333333,0.9241962407465937
andy,990,6,98345.0,3,0.5,0.5,0.9729550745276566
andy,991,7,119316.14285714286,3,0.42857142857142855,0.42857142857142855,0.891189232148501
andy,992,2,103471.5,1,0.5,0.5,0.5493061443340549
andy,993,4,198958.5,2,0.5,0.5,0.8047189562170501
andy,994,7,48735.57142857143,6,0.14285714285714285,0.8571428571428571,0.29706307738283366
andy,995,7,50552.857142857145,7,0.0,1.0,0.0
andy,996,2,114461.5,1,0.5,0.5,0.5493061443340549
andy,997,9,27933.777777777777,8,0.1111111111111111,0.8888888888888888,0.2558427881104495
andy,998,4,39710.75,3,0.25,0.75,0.40235947810852507
andy,999,5,195148.6,2,0.6,0.4,1.0750556815368328
andy,1000,5,34356.0,4,0.2,0.8,0.358351893845611
andy,1001,11,25143.272727272728,11,0.0,1.0,0.0
andy,1002,7,49175.57142857143,5,0.14285714285714285,0.7142857142857143,0.29706307738283366
andy,1003,7,130415.85714285714,3,0.5714285714285714,0.42857142857142855,1.1882523095313346
andy,1004,9,96824.66666666667,5,0.4444444444444444,0.5555555555555556,1.023371152441798
andy,1005,6,137111.33333333334,3,0.5,0.5,0.9729550745276566
andy,1006,1,13080.0,1,0.0,1.0,0.0
andy,1007,1,3940.0,1,0.0,1.0,0.0
andy,1008,1,1350.0,1,0.0,1.0,0.0
andy,1009,1,13570.0,1,0.0,1.0,0.0
andy,1010,2,5565.0,2,0.0,1.0,0.0
andy,1011,6,87289.83333333333,4,0.3333333333333333,0.6666666666666666,0.648636716351771
andy,1012,5,57216.2,4,0.2,0.8,0.358351893845611
andy,1013,8,170770.75,4,0.5,0.5,1.0986122886681098
andy,1014,14,47306.0,12,0.14285714285714285,0.8571428571428571,0.3868643144431728
andy,1015,7,40935.42857142857,6,0.14285714285714285,0.8571428571428571,0.29706307738283366
andy,1016,6,38231.833333333336,5,0.16666666666666666,0.8333333333333334,0.3243183581758855
andy,1017,9,86051.77777777778,5,0.4444444444444444,0.5555555555555556,1.023371152441798
andy,1018,5,119847.8,3,0.4,0.6,0.716703787691222
andy,1019,2,28949.5,1,0.5,0.5,0.5493061443340549
andy,1020,2,123742.5,1,0.5,0.5,0.5493061443340549
andy,1021,2,6775.0,2,0.0,1.0,0.0
andy,1022,1,37760.0,1,0.0,1.0,0.0
andy,1023,3,186251.66666666666,0,1.0,0.0,1.3862943611198906
andy,1024,6,92961.33333333333,3,0.3333333333333333,0.5,0.648636716351771
andy,1025,5,35672.8,4,0.2,0.8,0.358351893845611
andy,1026,3,73027.66666666667,2,0.3333333333333333,0.6666666666666666,0.46209812037329684
andy,1027,8,36798.5,5,0.375,0.625,0.8239592165010823
andy,1028,6,88496.5,5,0.16666666666666666,0.8333333333333334,0.3243183581758855
andy,1029,11,88166.54545454546,7,0.2727272727272727,0.6363636363636364,0.6777018135785455
andy,1030,12,109180.5,5,0.5833333333333334,0.4166666666666667,1.4962204585192298
andy,1031,6,61941.333333333336,5,0.16666666666666666,0.8333333333333334,0.3243183581758855
andy,1032,10,122305.3,7,0.3,0.7,0.7193685818395111
andy,1033,9,22883.555555555555,8,0.1111111111111111,0.8888888888888888,0.2558427881104495
andy,1034,7,87078.85714285714,4,0.42857142857142855,0.5714285714285714,0.891189232148501
andy,1035,7,184598.2857142857,1,0.8571428571428571,0.14285714285714285,1.782378464297002
andy,1036,2,23363.0,2,0.0,1.0,0.0
andy,1037,7,158594.85714285713,4,0.42857142857142855,0.5714285714285714,0.891189232148501
andy,1038,2,4788.0,2,0.0,1.0,0.0
andy,1039,1,2620.0,1,0.0,1.0,0.0
andy,1040,1,3820.0,1,0.0,1.0,0.0
andy,1041,5,167380.2,3,0.4,0.6,0.716703787691222
andy,1042,1,5940.0,1,0.0,1.0,0.0
andy,1043,1,4530.0,1,0.0,1.0,0.0
andy,1044,1,3150.0,1,0.0,1.0,0.0
andy,1045,5,2618.6,5,0.0,1.0,0.0
andy,1046,1,13700.0,1,0.0,1.0,0.0
andy,1047,11,102812.0,6,0.45454545454545453,0.5454545454545454,1.1295030226309093
andy,1048,4,60529.25,4,0.0,1.0,0.0
andy,1049,6,167419.33333333334,2,0.6666666666666666,0.3333333333333333,1.297273432703542
andy,1050,5,19089.2,5,0.0,1.0,0.0
andy,1051,10,126024.9,4,0.6,0.4,1.4387371636790223
andy,1052,5,101783.0,4,0.2,0.8,0.358351893845611
andy,1053,7,41997.71428571428,6,0.14285714285714285,0.8571428571428571,0.29706307738283366
andy,1054,14,78893.0,9,0.35714285714285715,0.6428571428571429,0.9671607861079322
andy,1055,3,67000.0,2,0.3333333333333333,0.6666666666666666,0.46209812037329684
andy,1056,6,76738.0,5,0.16666666666666666,0.8333333333333334,0.3243183581758855
andy,1057,4,110301.0,2,0.5,0.5,0.8047189562170501
andy,1058,13,74935.38461538461,7,0.46153846153846156,0.5384615384615384,1.218026459822427
andy,1059,10,137381.2,4,0.6,0.4,1.4387371636790223
andy,1060,1,71230.0,1,0.0,1.0,0.0
andy,1061,6,24648.0,5,0.16666666666666666,0.8333333333333334,0.3243183581758855
andy,1062,10,24963.6,9,0.1,0.9,0.23978952727983707
andy,1063,4,10385.5,4,0.0,1.0,0.0
andy,1064,40,156463.3,15,0.625,0.375,2.3209825416901926
andy,1065,11,37710.818181818184,10,0.09090909090909091,0.9090909090909091,0.22590060452618185
andy,1066,6,37581.333333333336,5,0.16666666666666666,0.8333333333333334,0.3243183581758855
andy,1067,8,54015.125,7,0.125,0.875,0.27465307216702745
andy,1068,11,47905.181818181816,7,0.36363636363636365,0.6363636363636364,0.9036024181047274
andy,1069,8,28314.5,7,0.125,0.875,0.27465307216702745
andy,1070,2,1331.5,2,0.0,1.0,0.0
andy,1071,6,52908.0,5,0.16666666666666666,0.8333333333333334,0.3243183581758855
andy,1072,7,37761.42857142857,7,0.0,1.0,0.0
andy,1073,6,53943.333333333336,4,0.16666666666666666,0.6666666666666666,0.3243183581758855
andy,1074,5,90413.0,3,0.4,0.6,0.716703787691222
andy,1075,3,65361.0,2,0.3333333333333333,0.6666666666666666,0.46209812037329684
andy,1076,7,63668.0,5,0.2857142857142857,0.7142857142857143,0.5941261547656673
andy,1077,5,14567.6,5,0.0,1.0,0.0
andy,1078,7,46423.857142857145,5,0.2857142857142857,0.7142857142857143,0.5941261547656673
andy,1079,6,62393.666666666664,5,0.16666666666666666,0.8333333333333334,0.3243183581758855
andy,1080,6,132043.83333333334,1,0.8333333333333334,0.16666666666666666,1.6215917908794277
andy,1081,7,119944.14285714286,4,0.42857142857142855,0.5714285714285714,0.891189232148501
andy,1082,4,83335.0,3,0.25,0.75,0.40235947810852507
andy,1083,5,67314.2,3,0.2,0.6,0.358351893845611
andy,1084,2,60446.5,2,0.0,1.0,0.0
andy,1085,1,19360.0,1,0.0,1.0,0.0
andy,1086,2,153433.0,1,0.5,0.5,0.5493061443340549
andy,1087,4,63574.75,3,0.25,0.75,0.40235947810852507
andy,1088,4,145482.25,2,0.5,0.5,0.8047189562170501
andy,1089,10,83741.1,6,0.4,0.6,0.9591581091193483
andy,1090,8,6286.125,8,0.0,1.0,0.0
andy,1091,13,58153.846153846156,11,0.15384615384615385,0.8461538461538461,0.406008819940809
andy,1092,5,46666.6,4,0.2,0.8,0.358351893845611
andy,1093,5,29365.4,4,0.2,0.8,0.358351893845611
andy,1094,2,61983.5,2,0.0,1.0,0.0
andy,1095,3,68590.0,2,0.3333333333333333,0.6666666666666666,0.46209812037329684
andy,1096,3,3598.6666666666665,3,0.0,1.0,0.0
andy,1097,9,10965.111111111111,9,0.0,1.0,0.0
andy,1098,2,1741.5,2,0.0,1.0,0.0
andy,1099,10,72161.1,7,0.3,0.7,0.7193685818395111
andy,1100,4,41572.0,3,0.25,0.75,0.40235947810852507
andy,1101,5,9092.8,5,0.0,1.0,0.0
andy,1102,13,92699.0,8,0.38461538461538464,0.6153846153846154,1.0150220498520226
andy,1103,3,26610.0,3,0.0,1.0,0.0
andy,1104,1,3870.0,1,0.0,1.0,0.0
andy,1105,1,18530.0,1,0.0,1.0,0.0
andy,1106,2,8445.0,2,0.0,1.0,0.0
andy,1107,2,12320.0,2,0.0,1.0,0.0
andy,1108,2,2930.0,2,0.0,1.0,0.0
andy,1109,36,67943.13888888889,28,0.19444444444444445,0.7777777777777778,0.7021229274585992
andy,1110,2,1610.0,2,0.0,1.0,0.0
andy,1111,3,1833.3333333333333,3,0.0,1.0,0.0
andy,1112,2,3435.0,2,0.0,1.0,0.0
andy,1113,3,2630.0,3,0.0,1.0,0.0
andy,1114,2,1280.0,2,0.0,1.0,0.0
andy,1115,2,2505.0,2,0.0,1.0,0.0
andy,1116,2,3910.0,2,0.0,1.0,0.0
andy,1117,3,1143.3333333333333,3,0.0,1.0,0.0
andy,1118,2,1735.0,2,0.0,1.0,0.0
andy,1119,2,13030.0,2,0.0,1.0,0.0
andy,1120,94,165747.55319148937,24,0.7340425531914894,0.2553191489361702,3.3427394204301843
andy,1121,19,34666.0,17,0.05263157894736842,0.8947368421052632,0.15767011966073635
andy,1122,3,706.6666666666666,3,0.0,1.0,0.0
andy,1123,3,56057.666666666664,2,0.3333333333333333,0.6666666666666666,0.46209812037329684
andy,1124,7,39164.0,6,0.14285714285714285,0.8571428571428571,0.29706307738283366
andy,1125,8,67581.875,6,0.25,0.75,0.5493061443340549
andy,1126,5,61118.2,4,0.2,0.8,0.358351893845611
andy,1127,7,26844.571428571428,6,0.14285714285714285,0.8571428571428571,0.29706307738283366
andy,1128,4,67429.5,3,0.25,0.75,0.40235947810852507
andy,1129,6,159974.0,3,0.5,0.5,0.9729550745276566
andy,1130,5,14915.2,5,0.0,1.0,0.0
andy,1131,5,3489.0,5,0.0,1.0,0.0
andy,1132,9,6047.444444444444,9,0.0,1.0,0.0
andy,1133,38,170953.57894736843,12,0.6578947368421053,0.3157894736842105,2.4102379250852937
andy,1134,5,48619.6,4,0.2,0.8,0.358351893845611
andy,1135,3,3279.6666666666665,3,0.0,1.0,0.0
andy,1136,3,61863.0,3,0.0,1.0,0.0
andy,1137,4,4304.75,4,0.0,1.0,0.0
andy,1138,7,24154.85714285714,7,0.0,1.0,0.0
andy,1139,4,164633.75,1,0.75,0.25,1.2070784343255752
andy,1140,5,101754.8,4,0.2,0.8,0.358351893845611
andy,1141,8,99027.125,5,0.375,0.625,0.8239592165010823
andy,1142,2,12078.5,1,0.0,0.5,0.0
andy,1143,4,156082.75,1,0.75,0.25,1.2070784343255752
andy,1144,6,76444.16666666667,3,0.5,0.5,0.9729550745276566
andy,1145,5,8162.6,5,0.0,1.0,0.0
andy,1146,6,102946.5,4,0.3333333333333333,0.6666666666666666,0.648636716351771
andy,1147,126,200228.75396825396,23,0.7857142857142857,0.18253968253968253,3.8061469965031787
andy,1148,59,200759.42372881356,15,0.7457627118644068,0.2542372881355932,3.053409504030041
andy,1149,1,221533.0,0,1.0,0.0,0.6931471805599453
andy,1150,1,98783.0,1,0.0,1.0,0.0
andy,1151,1,1403.0,1,0.0,1.0,0.0
andy,1152,4,57148.25,3,0.25,0.75,0.40235947810852507
andy,1153,5,118491.2,2,0.6,0.4,1.0750556815368328
andy,1154,7,91028.57142857143,4,0.42857142857142855,0.5714285714285714,0.891189232148501
andy,1155,6,35543.0,5,0.16666666666666666,0.8333333333333334,0.3243183581758855
andy,1156,6,43103.666666666664,5,0.16666666666666666,0.8333333333333334,0.3243183581758855
andy,1157,3,75161.0,2,0.3333333333333333,0.6666666666666666,0.46209812037329684
andy,1158,6,46204.166666666664,5,0.16666666666666666,0.8333333333333334,0.3243183581758855
andy,1159,11,63963.90909090909,7,0.36363636363636365,0.6363636363636364,0.9036024181047274
andy,1160,1,9086.0,1,0.0,1.0,0.0
andy,1161,2,21784.5,2,0.0,1.0,0.0
andy,1162,1,23953.0,1,0.0,1.0,0.0
andy,1163,1,6519.0,1,0.0,1.0,0.0
andy,1164,1,16416.0,1,0.0,1.0,0.0
andy,1165,1,9396.0,1,0.0,1.0,0.0
andy,1166,5,89502.6,3,0.4,0.6,0.716703787691222
andy,1167,7,38807.142857142855,7,0.0,1.0,0.0
andy,1168,1,85144.0,1,0.0,1.0,0.0
andy,1169,3,71620.0,3,0.0,1.0,0.0
andy,1170,1,204102.0,1,0.0,1.0,0.0
andy,1171,4,68068.75,3,0.25,0.75,0.40235947810852507
andy,1172,6,15331.833333333334,6,0.0,1.0,0.0
andy,1173,9,59974.333333333336,7,0.2222222222222222,0.7777777777777778,0.511685576220899
andy,1174,3,41932.666666666664,2,0.3333333333333333,0.6666666666666666,0.46209812037329684
andy,1175,4,99233.0,1,0.75,0.25,1.2070784343255752
andy,1176,5,11381.8,4,0.0,0.8,0.0
andy,1177,4,154028.25,1,0.75,0.25,1.2070784343255752
andy,1178,2,3521.0,2,0.0,1.0,0.0
andy,1179,6,95161.0,4,0.3333333333333333,0.6666666666666666,0.648636716351771
andy,1180,6,155284.83333333334,4,0.3333333333333333,0.6666666666666666,0.648636716351771
andy,1181,6,74527.5,4,0.3333333333333333,0.6666666666666666,0.648636716351771
andy,1182,4,59653.75,3,0.25,0.75,0.40235947810852507
andy,1183,10,138674.8,6,0.4,0.6,0.9591581091193483
andy,1184,10,65288.0,8,0.2,0.8,0.47957905455967414
andy,1185,1,102380.0,1,0.0,1.0,0.0
andy,1186,5,105440.4,3,0.4,0.6,0.716703787691222
andy,1187,5,33038.6,4,0.2,0.8,0.358351893845611
andy,1188,9,95300.66666666667,5,0.4444444444444444,0.5555555555555556,1.023371152441798
andy,1189,6,1799.3333333333333,6,0.0,1.0,0.0
andy,1190,2,1431.5,2,0.0,1.0,0.0
andy,1191,4,17139.25,4,0.0,1.0,0.0
andy,1192,6,63520.5,5,0.16666666666666666,0.8333333333333334,0.3243183581758855
andy,1193,6,51168.5,4,0.3333333333333333,0.6666666666666666,0.648636716351771
andy,1194,3,920.6666666666666,3,0.0,1.0,0.0
andy,1195,4,104886.5,2,0.5,0.5,0.8047189562170501
andy,1196,5,92400.4,3,0.4,0.6,0.716703787691222
andy,1197,3,66255.33333333333,3,0.0,1.0,0.0
andy,1198,6,8506.833333333334,6,0.0,1.0,0.0
andy,1199,2,2380.0,2,0.0,1.0,0.0
andy,1200,2,4805.0,2,0.0,1.0,0.0
andy,1201,2,2580.0,2,0.0,1.0,0.0
andy,1202,20,62877.0,16,0.2,0.8,0.6089044875446846
andy,1203,10,54349.9,8,0.2,0.8,0.47957905455967414
andy,1204,7,94874.85714285714,6,0.14285714285714285,0.8571428571428571,0.29706307738283366
andy,1205,14,58299.78571428572,10,0.2857142857142857,0.7142857142857143,0.7737286288863456
andy,1206,5,46879.8,4,0.2,0.8,0.358351893845611
andy,1207,2,121767.0,1,0.5,0.5,0.5493061443340549
andy,1208,9,91680.11111111111,6,0.3333333333333333,0.6666666666666666,0.7675283643313486
andy,1209,1,44022.0,1,0.0,1.0,0.0
andy,1210,6,63849.5,3,0.3333333333333333,0.5,0.648636716351771
andy,1211,4,31494.5,4,0.0,1.0,0.0
andy,1212,7,26670.714285714286,6,0.14285714285714285,0.8571428571428571,0.29706307738283366
andy,1213,4,4257.0,4,0.0,1.0,0.0
andy,1214,7,1746.2857142857142,7,0.0,1.0,0.0
andy,1215,6,50451.5,5,0.16666666666666666,0.8333333333333334,0.3243183581758855
andy,1216,9,13355.777777777777,9,0.0,1.0,0.0
andy,1217,1,28033.0,1,0.0,1.0,0.0
andy,1218,6,48773.666666666664,5,0.16666666666666666,0.8333333333333334,0.3243183581758855
andy,1219,5,71615.2,4,0.2,0.8,0.358351893845611
andy,1220,5,55012.6,4,0.2,0.8,0.358351893845611
andy,1221,10,76541.4,6,0.3,0.6,0.7193685818395111
andy,1222,7,91433.71428571429,4,0.42857142857142855,0.5714285714285714,0.891189232148501
andy,1223,4,77297.5,2,0.5,0.5,0.8047189562170501
andy,1224,4,33900.75,3,0.25,0.75,0.40235947810852507
andy,1225,12,83641.58333333333,6,0.4166666666666667,0.5,1.068728898942307
andy,1226,5,34956.4,4,0.2,0.8,0.358351893845611
andy,1227,8,55277.75,6,0.25,0.75,0.5493061443340549
andy,1228,13,100777.92307692308,10,0.23076923076923078,0.7692307692307693,0.6090132299112135
andy,1229,7,99583.0,4,0.42857142857142855,0.5714285714285714,0.891189232148501
andy,1230,3,110836.66666666667,2,0.3333333333333333,0.6666666666666666,0.46209812037329684
andy,1231,3,61398.666666666664,2,0.3333333333333333,0.6666666666666666,0.46209812037329684
andy,1232,3,103280.0,2,0.3333333333333333,0.6666666666666666,0.46209812037329684
andy,1233,6,1126.5,6,0.0,1.0,0.0
andy,1234,11,61993.818181818184,9,0.18181818181818182,0.8181818181818182,0.4518012090523637
andy,1235,4,61164.25,3,0.25,0.75,0.40235947810852507
andy,1236,6,107192.66666666667,2,0.6666666666666666,0.3333333333333333,1.297273432703542
andy,1237,6,124686.5,4,0.3333333333333333,0.6666666666666666,0.648636716351771
andy,1238,3,1230.0,3,0.0,1.0,0.0
andy,1239,5,25871.8,5,0.0,1.0,0.0
andy,1240,7,74428.14285714286,3,0.5714285714285714,0.42857142857142855,1.1882523095313346
andy,1241,8,90491.5,4,0.5,0.5,1.0986122886681098
andy,1242,6,19950.833333333332,6,0.0,1.0,0.0
andy,1243,2,34277.0,2,0.0,1.0,0.0
andy,1244,3,56223.333333333336,2,0.3333333333333333,0.6666666666666666,0.46209812037329684
andy,1245,5,187715.6,1,0.8,0.2,1.433407575382444
andy,1246,3,44663.333333333336,1,0.6666666666666666,0.3333333333333333,0.9241962407465937
andy,1247,2,84123.5,1,0.5,0.5,0.5493061443340549
andy,1248,5,129274.6,1,0.8,0.2,1.433407575382444
andy,1249,6,92803.16666666667,4,0.3333333333333333,0.6666666666666666,0.648636716351771
andy,1250,14,90019.42857142857,11,0.21428571428571427,0.7857142857142857,0.5802964716647593
andy,1251,8,113123.375,5,0.375,0.625,0.8239592165010823
andy,1252,7,18924.571428571428,7,0.0,1.0,0.0
andy,1253,11,37615.0,10,0.09090909090909091,0.9090909090909091,0.22590060452618185
andy,1254,5,93545.4,2,0.6,0.4,1.0750556815368328
andy,1255,4,44036.25,4,0.0,1.0,0.0
andy,1256,6,37758.166666666664,5,0.16666666666666666,0.8333333333333334,0.3243183581758855
andy,1257,9,60213.444444444445,6,0.2222222222222222,0.6666666666666666,0.511685576220899
andy,1258,4,110164.75,2,0.5,0.5,0.8047189562170501
andy,1259,5,115536.0,2,0.6,0.4,1.0750556815368328
andy,1260,7,34583.0,6,0.14285714285714285,0.8571428571428571,0.29706307738283366
andy,1261,9,27952.88888888889,8,0.1111111111111111,0.8888888888888888,0.2558427881104495
andy,1262,9,93957.77777777778,6,0.3333333333333333,0.6666666666666666,0.7675283643313486
andy,1263,4,89769.0,2,0.5,0.5,0.8047189562170501
andy,1264,6,43038.833333333336,5,0.16666666666666666,0.8333333333333334,0.3243183581758855
andy,1265,6,44011.5,5,0.16666666666666666,0.8333333333333334,0.3243183581758855
andy,1266,9,119846.55555555556,6,0.3333333333333333,0.6666666666666666,0.7675283643313486
andy,1267,8,45192.25,6,0.25,0.75,0.5493061443340549
andy,1268,3,101763.33333333333,2,0.3333333333333333,0.6666666666666666,0.46209812037329684
andy,1269,8,21963.625,8,0.0,1.0,0.0
andy,1270,7,156261.7142857143,2,0.7142857142857143,0.2857142857142857,1.4853153869141684
andy,1271,3,44767.0,2,0.3333333333333333,0.6666666666666666,0.46209812037329684
andy,1272,4,11376.25,4,0.0,1.0,0.0
andy,1273,4,115200.5,2,0.5,0.5,0.8047189562170501
andy,1274,6,72080.0,5,0.16666666666666666,0.8333333333333334,0.3243183581758855
andy,1275,7,15876.0,7,0.0,1.0,0.0
andy,1276,4,126327.0,2,0.5,0.5,0.8047189562170501
andy,1277,4,9142.0,4,0.0,1.0,0.0
andy,1278,5,137130.0,2,0.6,0.4,1.0750556815368328
andy,1279,8,72852.0,6,0.25,0.75,0.5493061443340549
andy,1280,6,42542.166666666664,4,0.16666666666666666,0.6666666666666666,0.3243183581758855
andy,1281,4,27602.0,4,0.0,1.0,0.0
andy,1282,5,50394.2,3,0.4,0.6,0.716703787691222
andy,1283,6,64092.0,5,0.16666666666666666,0.8333333333333334,0.3243183581758855
andy,1284,3,26996.0,3,0.0,1.0,0.0
andy,1285,10,98604.1,5,0.5,0.5,1.1989476363991853
andy,1286,5,52305.2,3,0.4,0.6,0.716703787691222
andy,1287,3,69136.66666666667,2,0.3333333333333333,0.6666666666666666,0.46209812037329684
andy,1288,12,79070.08333333333,10,0.16666666666666666,0.8333333333333334,0.42749155957692275
andy,1289,3,6184.333333333333,3,0.0,1.0,0.0
andy,1290,1,1040.0,1,0.0,1.0,0.0
andy,1291,1,3840.0,1,0.0,1.0,0.0
andy,1292,2,6450.0,2,0.0,1.0,0.0
andy,1293,1,1070.0,1,0.0,1.0,0.0
andy,1294,4,137548.5,2,0.5,0.5,0.8047189562170501
andy,1295,5,126362.0,4,0.2,0.8,0.358351893845611
andy,1296,4,13043.5,4,0.0,1.0,0.0
andy,1297,7,37716.142857142855,6,0.14285714285714285,0.8571428571428571,0.29706307738283366
andy,1298,5,69663.4,5,0.0,1.0,0.0
andy,1299,3,137729.33333333334,2,0.3333333333333333,0.6666666666666666,0.46209812037329684
andy,1300,5,70830.6,4,0.2,0.8,0.358351893845611
andy,1301,2,3225.0,2,0.0,1.0,0.0
andy,1302,1,5920.0,1,0.0,1.0,0.0
andy,1303,1,9130.0,1,0.0,1.0,0.0
andy,1304,2,5165.0,2,0.0,1.0,0.0
andy,1305,2,2480.0,2,0.0,1.0,0.0
andy,1306,1,520.0,1,0.0,1.0,0.0
andy,1307,1,17440.0,1,0.0,1.0,0.0
andy,1308,3,56995.666666666664,2,0.3333333333333333,0.6666666666666666,0.46209812037329684
andy,1309,9,6086.111111111111,7,0.1111111111111111,0.7777777777777778,0.0
andy,1310,2,5245.0,2,0.0,1.0,0.0
andy,1311,3,5523.333333333333,3,0.0,1.0,0.0
andy,1312,2,10186.5,2,0.0,1.0,0.0
andy,1313,1,5820.0,1,0.0,1.0,0.0
andy,1314,6,69661.83333333333,6,0.0,1.0,0.0
andy,1315,1,60490.0,1,0.0,1.0,0.0
andy,1316,2,18396.0,2,0.0,1.0,0.0
andy,1317,3,60753.333333333336,2,0.3333333333333333,0.6666666666666666,0.46209812037329684
andy,1318,8,107350.25,4,0.5,0.5,1.0986122886681098
andy,1319,4,146850.75,2,0.5,0.5,0.8047189562170501
andy,1320,7,64159.857142857145,5,0.2857142857142857,0.7142857142857143,0.5941261547656673
andy,1321,7,61905.71428571428,5,0.2857142857142857,0.7142857142857143,0.5941261547656673
andy,1322,5,100000.6,4,0.2,0.8,0.358351893845611
andy,1323,1,1130.0,1,0.0,1.0,0.0
andy,1324,3,74061.66666666667,2,0.3333333333333333,0.6666666666666666,0.46209812037329684
andy,1325,10,116452.0,5,0.5,0.5,1.1989476363991853
andy,1326,14,59500.57142857143,13,0.07142857142857142,0.9285714285714286,0.1934321572215864
andy,1327,3,65466.0,2,0.3333333333333333,0.6666666666666666,0.46209812037329684
andy,1328,5,62679.2,4,0.2,0.8,0.358351893845611
andy,1329,9,87107.55555555556,6,0.3333333333333333,0.6666666666666666,0.7675283643313486
andy,1330,6,179829.66666666666,4,0.3333333333333333,0.6666666666666666,0.648636716351771
andy,1331,7,58747.857142857145,6,0.14285714285714285,0.8571428571428571,0.29706307738283366
andy,1332,11,76820.63636363637,6,0.45454545454545453,0.5454545454545454,1.1295030226309093
andy,1333,1,69556.0,1,0.0,1.0,0.0
andy,1334,6,42028.166666666664,5,0.16666666666666666,0.8333333333333334,0.3243183581758855
andy,1335,3,19698.333333333332,3,0.0,1.0,0.0
andy,1336,4,137644.25,2,0.5,0.5,0.8047189562170501
andy,1337,5,119596.4,4,0.2,0.8,0.358351893845611
andy,1338,6,149317.83333333334,3,0.5,0.5,0.9729550745276566
andy,1339,6,68237.0,5,0.16666666666666666,0.8333333333333334,0.3243183581758855
andy,1340,6,70884.0,4,0.3333333333333333,0.6666666666666666,0.648636716351771
andy,1341,3,83863.33333333333,2,0.3333333333333333,0.6666666666666666,0.46209812037329684
andy,1342,5,118922.4,3,0.4,0.6,0.716703787691222
andy,1343,3,135744.33333333334,1,0.6666666666666666,0.3333333333333333,0.9241962407465937
andy,1344,2,1931.5,2,0.0,1.0,0.0
andy,1345,6,36184.166666666664,5,0.16666666666666666,0.8333333333333334,0.3243183581758855
andy,1346,5,108701.0,3,0.4,0.6,0.716703787691222
andy,1347,4,157978.0,2,0.5,0.5,0.8047189562170501
andy,1348,2,34316.5,1,0.5,0.5,0.5493061443340549
andy,1349,7,131549.14285714287,4,0.42857142857142855,0.5714285714285714,0.891189232148501
andy,1350,12,90463.41666666667,7,0.4166666666666667,0.5833333333333334,1.068728898942307
andy,1351,7,87903.71428571429,4,0.42857142857142855,0.5714285714285714,0.891189232148501
andy,1352,7,61534.142857142855,2,0.42857142857142855,0.2857142857142857,0.891189232148501
andy,1353,3,1126.3333333333333,3,0.0,1.0,0.0
andy,1354,1,40845.0,1,0.0,1.0,0.0
andy,1355,1,8653.0,1,0.0,1.0,0.0
andy,1356,1,37016.0,1,0.0,1.0,0.0
andy,1357,5,65580.0,4,0.2,0.8,0.358351893845611
andy,1358,1,1493.0,1,0.0,1.0,0.0
andy,1359,8,32732.25,5,0.375,0.625,0.8239592165010823
andy,1360,4,8780.0,4,0.0,1.0,0.0
andy,1361,5,79190.6,3,0.4,0.6,0.716703787691222
andy,1362,4,58775.0,2,0.5,0.5,0.8047189562170501
andy,1363,1,9773.0,1,0.0,1.0,0.0
andy,1364,4,157258.0,4,0.0,1.0,0.0
andy,1365,3,9889.333333333334,3,0.0,1.0,0.0
andy,1366,7,66374.0,5,0.2857142857142857,0.7142857142857143,0.5941261547656673
andy,1367,4,148106.25,3,0.25,0.75,0.40235947810852507
andy,1368,7,30357.571428571428,6,0.14285714285714285,0.8571428571428571,0.29706307738283366
andy,1369,6,48399.5,6,0.0,1.0,0.0
andy,1370,2,958.0,2,0.0,1.0,0.0
andy,1371,4,13382.75,3,0.0,0.75,0.0
andy,1372,5,100329.8,3,0.4,0.6,0.716703787691222
andy,1373,5,39051.4,4,0.2,0.8,0.358351893845611
andy,1374,3,35962.0,3,0.0,1.0,0.0
andy,1375,9,47636.666666666664,8,0.1111111111111111,0.8888888888888888,0.2558427881104495
andy,1376,3,13643.0,3,0.0,1.0,0.0
andy,1377,8,118358.875,4,0.5,0.5,1.0986122886681098
andy,1378,4,20603.0,4,0.0,1.0,0.0
andy,1379,9,37895.11111111111,7,0.2222222222222222,0.7777777777777778,0.511685576220899
andy,1380,7,74681.85714285714,5,0.2857142857142857,0.7142857142857143,0.5941261547656673
andy,1381,9,80677.11111111111,6,0.3333333333333333,0.6666666666666666,0.7675283643313486
andy,1382,1,156763.0,1,0.0,1.0,0.0
andy,1383,7,87158.28571428571,5,0.2857142857142857,0.7142857142857143,0.5941261547656673
andy,1384,11,117322.54545454546,5,0.5454545454545454,0.45454545454545453,1.355403627157091
andy,1385,7,52395.0,5,0.2857142857142857,0.7142857142857143,0.5941261547656673
andy,1386,6,77826.83333333333,4,0.3333333333333333,0.6666666666666666,0.648636716351771
andy,1387,2,2288.0,2,0.0,1.0,0.0
andy,1388,2,1407.5,2,0.0,1.0,0.0
andy,1389,3,60646.0,2,0.3333333333333333,0.6666666666666666,0.46209812037329684
andy,1390,7,84868.85714285714,5,0.2857142857142857,0.7142857142857143,0.5941261547656673
andy,1391,2,846.5,2,0.0,1.0,0.0
andy,1392,5,33913.6,5,0.0,1.0,0.0
andy,1393,7,137162.0,4,0.42857142857142855,0.5714285714285714,0.891189232148501
andy,1394,2,196335.0,1,0.5,0.5,0.5493061443340549
andy,1395,6,56085.0,5,0.16666666666666666,0.8333333333333334,0.3243183581758855
andy,1396,6,12583.5,6,0.0,1.0,0.0
andy,1397,2,1143.0,2,0.0,1.0,0.0
andy,1398,6,32472.0,6,0.0,1.0,0.0
andy,1399,3,103044.0,1,0.6666666666666666,0.3333333333333333,0.9241962407465937
andy,1400,3,898.6666666666666,3,0.0,1.0,0.0
andy,1401,8,67613.125,6,0.25,0.75,0.5493061443340549
andy,1402,7,61778.857142857145,5,0.2857142857142857,0.7142857142857143,0.5941261547656673
andy,1403,3,17551.666666666668,3,0.0,1.0,0.0
andy,1404,5,87901.0,5,0.0,1.0,0.0
andy,1405,6,98977.5,3,0.5,0.5,0.9729550745276566
andy,1406,9,64978.0,5,0.4444444444444444,0.5555555555555556,1.023371152441798
andy,1407,11,59463.72727272727,8,0.2727272727272727,0.7272727272727273,0.6777018135785455
andy,1408,6,13749.166666666666,6,0.0,1.0,0.0
andy,1409,3,102019.33333333333,2,0.3333333333333333,0.6666666666666666,0.46209812037329684
andy,1410,5,32105.4,4,0.2,0.8,0.358351893845611
andy,1411,6,16429.166666666668,6,0.0,1.0,0.0
andy,1412,4,116426.25,1,0.5,0.25,0.8047189562170501
andy,1413,3,11161.0,3,0.0,1.0,0.0
andy,1414,6,154758.0,5,0.16666666666666666,0.8333333333333334,0.3243183581758855
andy,1415,7,18256.0,7,0.0,1.0,0.0
andy,1416,11,129368.63636363637,4,0.6363636363636364,0.36363636363636365,1.5813042316832728
andy,1417,3,120712.66666666667,2,0.3333333333333333,0.6666666666666666,0.46209812037329684
andy,1418,3,192266.33333333334,1,0.6666666666666666,0.3333333333333333,0.9241962407465937
andy,1419,6,50588.5,6,0.0,1.0,0.0
andy,1420,2,16264.5,2,0.0,1.0,0.0
andy,1421,1,3690.0,1,0.0,1.0,0.0
andy,1422,7,9665.857142857143,6,0.0,0.8571428571428571,0.0
andy,1423,9,112917.0,5,0.3333333333333333,0.5555555555555556,0.7675283643313486
andy,1424,12,34132.833333333336,10,0.08333333333333333,0.8333333333333334,0.21374577978846138
andy,1425,2,65889.0,0,0.5,0.0,0.5493061443340549
andy,1426,2,9580.0,2,0.0,1.0,0.0
andy,1427,1,1600.0,1,0.0,1.0,0.0
andy,1428,1,1560.0,1,0.0,1.0,0.0
andy,1429,1,4200.0,1,0.0,1.0,0.0
andy,1430,3,20600.0,1,0.3333333333333333,0.3333333333333333,0.46209812037329684
andy,1431,3,1696.6666666666667,3,0.0,1.0,0.0
andy,1432,3,26886.666666666668,3,0.0,1.0,0.0
andy,1433,1,2010.0,1,0.0,1.0,0.0
andy,1434,8,43999.875,7,0.125,0.875,0.27465307216702745
andy,1435,8,43550.0,7,0.125,0.875,0.27465307216702745
andy,1436,5,76534.6,3,0.4,0.6,0.716703787691222
andy,1437,5,22863.8,5,0.0,1.0,0.0
andy,1438,2,84640.0,1,0.5,0.5,0.5493061443340549
andy,1439,7,14812.0,7,0.0,1.0,0.0
andy,1440,4,65274.0,3,0.25,0.75,0.40235947810852507
andy,1441,3,80058.66666666667,2,0.3333333333333333,0.6666666666666666,0.46209812037329684
andy,1442,3,1564.6666666666667,3,0.0,1.0,0.0
andy,1443,5,104582.8,3,0.4,0.6,0.716703787691222
andy,1444,8,99076.875,5,0.375,0.625,0.8239592165010823
andy,1445,6,61829.0,4,0.3333333333333333,0.6666666666666666,0.648636716351771
andy,1446,3,23233.333333333332,3,0.0,1.0,0.0
andy,1447,8,55845.25,6,0.25,0.75,0.5493061443340549
andy,1448,5,42136.8,4,0.2,0.8,0.358351893845611
andy,1449,3,91683.33333333333,2,0.3333333333333333,0.6666666666666666,0.46209812037329684
andy,1450,6,96148.16666666667,2,0.5,0.3333333333333333,0.9729550745276566
andy,1451,7,60294.142857142855,5,0.2857142857142857,0.7142857142857143,0.5941261547656673
andy,1452,7,29319.428571428572,6,0.14285714285714285,0.8571428571428571,0.29706307738283366
andy,1453,1,1780.0,1,0.0,1.0,0.0
andy,1454,5,1344.4,5,0.0,1.0,0.0
andy,1455,6,85489.83333333333,3,0.5,0.5,0.9729550745276566
andy,1456,4,83864.0,3,0.25,0.75,0.40235947810852507
andy,1457,9,52139.666666666664,5,0.4444444444444444,0.5555555555555556,1.023371152441798
andy,1458,3,53095.333333333336,3,0.0,1.0,0.0
andy,1459,1,17770.0,1,0.0,1.0,0.0
andy,1460,1,23830.0,1,0.0,1.0,0.0
andy,1461,1,32350.0,1,0.0,1.0,0.0
andy,1462,1,3060.0,1,0.0,1.0,0.0
andy,1463,2,3135.0,2,0.0,1.0,0.0
andy,1464,1,19470.0,1,0.0,1.0,0.0
andy,1465,1,9810.0,1,0.0,1.0,0.0
andy,1466,20,81396.7,12,0.4,0.6,1.2178089750893693
andy,1467,3,29145.333333333332,2,0.0,0.6666666666666666,0.0
andy,1468,1,10819.0,1,0.0,1.0,0.0
andy,1469,1,9785.0,1,0.0,1.0,0.0
andy,1470,1,11136.0,1,0.0,1.0,0.0
andy,1471,19,58645.63157894737,17,0.10526315789473684,0.8947368421052632,0.3153402393214727
andy,1472,1,9199.0,1,0.0,1.0,0.0
andy,1473,1,8566.0,1,0.0,1.0,0.0
andy,1474,4,94798.0,2,0.5,0.5,0.8047189562170501
andy,1475,2,2149.5,2,0.0,1.0,0.0
andy,1476,3,76102.0,2,0.3333333333333333,0.6666666666666666,0.46209812037329684
andy,1477,7,140112.14285714287,1,0.8571428571428571,0.14285714285714285,1.782378464297002
andy,1478,8,75480.375,6,0.25,0.75,0.5493061443340549
andy,1479,5,104294.6,2,0.6,0.4,1.0750556815368328
andy,1480,1,51030.0,1,0.0,1.0,0.0
andy,1481,3,73352.0,2,0.3333333333333333,0.6666666666666666,0.46209812037329684
andy,1482,5,86734.4,4,0.2,0.8,0.358351893845611
andy,1483,5,43238.8,4,0.2,0.8,0.358351893845611
andy,1484,2,75970.0,2,0.0,1.0,0.0
andy,1485,4,1519.75,4,0.0,1.0,0.0
andy,1486,11,39019.27272727273,10,0.09090909090909091,0.9090909090909091,0.22590060452618185
andy,1487,8,50535.0,5,0.375,0.625,0.8239592165010823
andy,1488,6,109456.83333333333,4,0.3333333333333333,0.6666666666666666,0.648636716351771
andy,1489,4,13634.5,4,0.0,1.0,0.0
andy,1490,12,43771.75,10,0.16666666666666666,0.8333333333333334,0.42749155957692275
andy,1491,18,46098.11111111111,16,0.1111111111111111,0.8888888888888888,0.3271598865740489
andy,1492,1,5520.0,1,0.0,1.0,0.0
andy,1493,14,22344.14285714286,13,0.07142857142857142,0.9285714285714286,0.1934321572215864
andy,1494,1,18940.0,1,0.0,1.0,0.0
andy,1495,1,2270.0,1,0.0,1.0,0.0
andy,1496,1,34160.0,1,0.0,1.0,0.0
andy,1497,1,3750.0,1,0.0,1.0,0.0
andy,1498,1,5210.0,1,0.0,1.0,0.0
andy,1499,1,9500.0,1,0.0,1.0,0.0
andy,1500,1,3390.0,1,0.0,1.0,0.0
andy,1501,3,238181.66666666666,0,1.0,0.0,1.3862943611198906
andy,1502,7,115085.42857142857,5,0.2857142857142857,0.7142857142857143,0.5941261547656673
andy,1503,3,65648.66666666667,2,0.3333333333333333,0.6666666666666666,0.46209812037329684
andy,1504,3,73137.33333333333,2,0.3333333333333333,0.6666666666666666,0.46209812037329684
andy,1505,5,77146.0,4,0.2,0.8,0.358351893845611
andy,1506,5,129996.2,3,0.4,0.6,0.716703787691222
andy,1507,9,65817.55555555556,6,0.3333333333333333,0.6666666666666666,0.7675283643313486
andy,1508,17,33797.17647058824,16,0.058823529411764705,0.9411764705882353,0.17002186811153908
andy,1509,1,41170.0,1,0.0,1.0,0.0
andy,1510,7,110482.42857142857,5,0.2857142857142857,0.7142857142857143,0.5941261547656673
andy,1511,4,53973.25,3,0.25,0.75,0.40235947810852507
andy,1512,2,132126.5,2,0.0,1.0,0.0
andy,1513,9,79077.66666666667,7,0.2222222222222222,0.7777777777777778,0.511685576220899
andy,1514,2,3039.5,2,0.0,1.0,0.0
andy,1515,1,2156.0,1,0.0,1.0,0.0
andy,1516,3,3144.0,3,0.0,1.0,0.0
andy,1517,1,6310.0,1,0.0,1.0,0.0
andy,1518,3,41796.333333333336,3,0.0,1.0,0.0
andy,1519,3,3267.6666666666665,3,0.0,1.0,0.0
andy,1520,59,102316.93220338984,19,0.6610169491525424,0.3220338983050847,2.7064311512993546
andy,1521,1,6150.0,1,0.0,1.0,0.0
andy,1522,1,910.0,1,0.0,1.0,0.0
andy,1523,1,10890.0,1,0.0,1.0,0.0
andy,1524,7,24893.14285714286,7,0.0,1.0,0.0
andy,1525,2,21381.0,2,0.0,1.0,0.0
andy,1526,2,12342.5,2,0.0,1.0,0.0
andy,1527,5,44665.2,4,0.2,0.8,0.358351893845611
andy,1528,2,163597.5,1,0.5,0.5,0.5493061443340549
andy,1529,5,40790.8,4,0.2,0.8,0.358351893845611
andy,1530,3,32449.0,3,0.0,1.0,0.0
andy,1531,2,1847.5,2,0.0,1.0,0.0
andy,1532,7,87897.0,6,0.14285714285714285,0.8571428571428571,0.29706307738283366
andy,1533,2,170440.0,0,1.0,0.0,1.0986122886681098
andy,1534,3,53996.0,2,0.3333333333333333,0.6666666666666666,0.46209812037329684
andy,1535,4,14335.5,4,0.0,1.0,0.0
andy,1536,7,45927.28571428572,6,0.14285714285714285,0.8571428571428571,0.29706307738283366
andy,1537,1,15856.0,1,0.0,1.0,0.0
andy,1538,2,2726.5,2,0.0,1.0,0.0
andy,1539,12,36554.333333333336,11,0.0,0.9166666666666666,0.0
andy,1540,18,71660.77777777778,13,0.2777777777777778,0.7222222222222222,0.8178997164351224
andy,1541,2,8058.0,2,0.0,1.0,0.0
andy,1542,2,5238.0,2,0.0,1.0,0.0
andy,1543,2,7124.5,2,0.0,1.0,0.0
andy,1544,1,5753.0,1,0.0,1.0,0.0
andy,1545,50,124696.3,35,0.28,0.7,1.1009111771628113
andy,1546,2,24015.0,1,0.0,0.5,0.0
andy,1547,1,7129.0,1,0.0,1.0,0.0
andy,1548,1,2503.0,1,0.0,1.0,0.0
andy,1549,1,2053.0,1,0.0,1.0,0.0
andy,1550,1,5056.0,1,0.0,1.0,0.0
andy,1551,1,3466.0,1,0.0,1.0,0.0
andy,1552,1,15873.0,1,0.0,1.0,0.0
andy,1553,1,5636.0,1,0.0,1.0,0.0
andy,1554,4,60010.75,4,0.0,1.0,0.0
andy,1555,7,47580.0,7,0.0,1.0,0.0
andy,1556,7,84839.85714285714,4,0.42857142857142855,0.5714285714285714,0.891189232148501
andy,1557,11,47237.454545454544,8,0.18181818181818182,0.7272727272727273,0.4518012090523637
andy,1558,4,124224.0,2,0.5,0.5,0.8047189562170501
andy,1559,6,100994.66666666667,1,0.8333333333333334,0.16666666666666666,1.6215917908794277
andy,1560,9,52067.0,7,0.2222222222222222,0.7777777777777778,0.511685576220899
andy,1561,8,79047.875,6,0.25,0.75,0.5493061443340549
andy,1562,3,9800.666666666666,3,0.0,1.0,0.0
andy,1563,11,175550.9090909091,4,0.6363636363636364,0.36363636363636365,1.5813042316832728
andy,1564,3,80225.33333333333,2,0.3333333333333333,0.6666666666666666,0.46209812037329684
andy,1565,10,106272.1,6,0.4,0.6,0.9591581091193483
andy,1566,8,55085.375,6,0.25,0.75,0.5493061443340549
andy,1567,7,117054.71428571429,4,0.42857142857142855,0.5714285714285714,0.891189232148501
andy,1568,4,80970.0,3,0.25,0.75,0.40235947810852507
andy,1569,5,47221.0,5,0.0,1.0,0.0
andy,1570,5,225415.8,1,0.8,0.2,1.433407575382444
andy,1571,2,131077.5,1,0.5,0.5,0.5493061443340549
andy,1572,3,160475.66666666666,1,0.6666666666666666,0.3333333333333333,0.9241962407465937
andy,1573,3,298938.0,0,1.0,0.0,1.3862943611198906
andy,1574,24,68697.08333333333,19,0.20833333333333334,0.7916666666666666,0.6705991301808751
andy,1575,4,159304.0,2,0.5,0.5,0.8047189562170501
andy,1576,2,16361.0,2,0.0,1.0,0.0
andy,1577,1,3266.0,1,0.0,1.0,0.0
andy,1578,3,65040.0,2,0.3333333333333333,0.6666666666666666,0.46209812037329684
andy,1579,10,112763.3,5,0.5,0.5,1.1989476363991853
andy,1580,2,87515.5,1,0.5,0.5,0.5493061443340549
andy,1581,30,40790.53333333333,23,0.16666666666666666,0.7666666666666667,0.5723312007475243
andy,1582,3,76132.33333333333,2,0.3333333333333333,0.6666666666666666,0.46209812037329684
andy,1583,1,26473.0,1,0.0,1.0,0.0
andy,1584,8,71462.125,5,0.375,0.625,0.8239592165010823
andy,1585,12,20897.666666666668,11,0.08333333333333333,0.9166666666666666,0.21374577978846138
andy,1586,4,218790.25,1,0.75,0.25,1.2070784343255752
andy,1587,2,826.5,2,0.0,1.0,0.0
andy,1588,4,110730.25,2,0.5,0.5,0.8047189562170501
andy,1589,5,130978.4,2,0.6,0.4,1.0750556815368328
andy,1590,2,169275.0,0,1.0,0.0,1.0986122886681098
andy,1591,6,66658.5,2,0.5,0.3333333333333333,0.9729550745276566
andy,1592,4,56035.25,2,0.25,0.5,0.40235947810852507
andy,1593,8,80692.75,5,0.375,0.625,0.8239592165010823
andy,1594,5,42716.6,4,0.2,0.8,0.358351893845611
andy,1595,5,202008.0,0,1.0,0.0,1.791759469228055
andy,1596,4,4407.0,3,0.0,0.75,0.0
andy,1597,6,171583.5,3,0.5,0.5,0.9729550745276566
andy,1598,3,78928.66666666667,2,0.3333333333333333,0.6666666666666666,0.46209812037329684
andy,1599,1,1420.0,1,0.0,1.0,0.0
andy,1600,5,205332.0,1,0.8,0.2,1.433407575382444
andy,1601,26,75683.5,18,0.3076923076923077,0.6923076923076923,1.014103651078255
andy,1602,1,14093.0,1,0.0,1.0,0.0
andy,1603,1,107180.0,1,0.0,1.0,0.0
andy,1604,5,119157.6,2,0.6,0.4,1.0750556815368328
andy,1605,7,93726.85714285714,5,0.2857142857142857,0.7142857142857143,0.5941261547656673
andy,1606,6,160330.33333333334,4,0.3333333333333333,0.6666666666666666,0.648636716351771
andy,1607,2,2407.5,2,0.0,1.0,0.0
andy,1608,11,54658.818181818184,7,0.2727272727272727,0.6363636363636364,0.6777018135785455
andy,1609,4,104584.75,3,0.25,0.75,0.40235947810852507
andy,1610,2,6449.5,2,0.0,1.0,0.0
andy,1611,3,13050.333333333334,3,0.0,1.0,0.0
andy,1612,3,4287.666666666667,3,0.0,1.0,0.0
andy,1613,72,108748.5,46,0.3472222222222222,0.6388888888888888,1.489742861509858
andy,1614,1,38156.0,1,0.0,1.0,0.0
andy,1615,1,4804.0,1,0.0,1.0,0.0
andy,1616,42,146104.59523809524,26,0.38095238095238093,0.6190476190476191,1.4328381393118332
andy,1617,2,12269.0,2,0.0,1.0,0.0
andy,1618,2,123852.0,1,0.5,0.5,0.5493061443340549
andy,1619,3,71553.0,2,0.3333333333333333,0.6666666666666666,0.46209812037329684
andy,1620,1,1952.0,1,0.0,1.0,0.0
andy,1621,1,3542.0,1,0.0,1.0,0.0
andy,1622,1,4604.0,1,0.0,1.0,0.0
andy,1623,1,7034.0,1,0.0,1.0,0.0
andy,1624,1,224224.0,0,1.0,0.0,0.6931471805599453
andy,1625,1,40742.0,1,0.0,1.0,0.0
andy,1626,1,14044.0,1,0.0,1.0,0.0
andy,1627,1,1742.0,1,0.0,1.0,0.0
andy,1628,1,15984.0,1,0.0,1.0,0.0
andy,1629,1,32778.0,1,0.0,1.0,0.0
andy,1630,1,7964.0,1,0.0,1.0,0.0
andy,1631,2,6538.0,2,0.0,1.0,0.0
andy,1632,1,4174.0,1,0.0,1.0,0.0
andy,1633,1,5394.0,1,0.0,1.0,0.0
andy,1634,1,4194.0,1,0.0,1.0,0.0
andy,1635,1,3764.0,1,0.0,1.0,0.0
andy,1636,1,5434.0,1,0.0,1.0,0.0
andy,1637,6,79634.66666666667,5,0.16666666666666666,0.8333333333333334,0.3243183581758855
andy,1638,2,89204.0,2,0.0,1.0,0.0
andy,1639,6,121092.83333333333,3,0.5,0.5,0.9729550745276566
andy,1640,5,124442.6,2,0.6,0.4,1.0750556815368328
andy,1641,5,252259.0,0,1.0,0.0,1.791759469228055
andy,1642,2,136791.0,1,0.5,0.5,0.5493061443340549
andy,1643,6,110031.0,3,0.5,0.5,0.9729550745276566
andy,1644,2,19830.0,0,0.0,0.0,0.0
andy,1645,16,64088.0625,9,0.3125,0.5625,0.8853791700175675
andy,1646,2,4592.5,2,0.0,1.0,0.0
andy,1647,3,25283.333333333332,3,0.0,1.0,0.0
andy,1648,21,29754.619047619046,20,0.047619047619047616,0.9523809523809523,0.14719249777896742
andy,1649,1,11350.0,1,0.0,1.0,0.0
andy,1650,1,1760.0,1,0.0,1.0,0.0
andy,1651,2,6965.0,2,0.0,1.0,0.0
andy,1652,1,1840.0,1,0.0,1.0,0.0
andy,1653,3,24805.333333333332,3,0.0,1.0,0.0
andy,1654,2,24566.5,2,0.0,1.0,0.0
andy,1655,5,144674.6,3,0.4,0.6,0.716703787691222
andy,1656,6,128170.5,4,0.3333333333333333,0.6666666666666666,0.648636716351771
andy,1657,3,64339.666666666664,3,0.0,1.0,0.0
andy,1658,4,63757.0,4,0.0,1.0,0.0
andy,1659,7,28757.0,5,0.2857142857142857,0.7142857142857143,0.5941261547656673
andy,1660,5,79725.2,4,0.2,0.8,0.358351893845611
andy,1661,1,68262.0,1,0.0,1.0,0.0
andy,1662,1,19869.0,1,0.0,1.0,0.0
andy,1663,2,11514.0,2,0.0,1.0,0.0
andy,1664,1,10706.0,1,0.0,1.0,0.0
andy,1665,1,10526.0,1,0.0,1.0,0.0
andy,1666,1,8196.0,1,0.0,1.0,0.0
andy,1667,1,9436.0,1,0.0,1.0,0.0
andy,1668,1,4746.0,1,0.0,1.0,0.0
andy,1669,1,7026.0,1,0.0,1.0,0.0
andy,1670,2,10177.5,2,0.0,1.0,0.0
andy,1671,56,158625.85714285713,26,0.5357142857142857,0.4642857142857143,2.165920322054223
andy,1672,1,5616.0,1,0.0,1.0,0.0
andy,1673,1,30613.0,1,0.0,1.0,0.0
andy,1674,5,85237.8,3,0.4,0.6,0.716703787691222
andy,1675,5,21063.2,5,0.0,1.0,0.0
andy,1676,5,80193.0,4,0.2,0.8,0.358351893845611
andy,1677,23,34192.69565217391,20,0.13043478260869565,0.8695652173913043,0.41452876048016685
andy,1678,1,10686.0,1,0.0,1.0,0.0
andy,1679,1,28686.0,1,0.0,1.0,0.0
andy,1680,1,6886.0,1,0.0,1.0,0.0
andy,1681,4,1089.0,4,0.0,1.0,0.0
andy,1682,1,40726.0,1,0.0,1.0,0.0
andy,1683,1,32714.0,1,0.0,1.0,0.0
andy,1684,1,4054.0,1,0.0,1.0,0.0
andy,1685,1,3844.0,1,0.0,1.0,0.0
andy,1686,3,92704.66666666667,2,0.3333333333333333,0.6666666666666666,0.46209812037329684
andy,1687,1,30660.0,1,0.0,1.0,0.0
andy,1688,8,199533.75,3,0.625,0.375,1.3732653608351373
andy,1689,1,12240.0,1,0.0,1.0,0.0
andy,1690,1,60.0,1,0.0,1.0,0.0
andy,1691,1,720.0,1,0.0,1.0,0.0
andy,1692,1,630.0,1,0.0,1.0,0.0
andy,1693,165,164556.20606060605,53,0.6727272727272727,0.3212121212121212,3.4389736030762204
andy,1694,1,9290.0,1,0.0,1.0,0.0
andy,1695,1,1500.0,1,0.0,1.0,0.0
andy,1696,1,8740.0,1,0.0,1.0,0.0
andy,1697,2,19420.0,2,0.0,1.0,0.0
andy,1698,2,5840.0,2,0.0,1.0,0.0
andy,1699,1,6220.0,1,0.0,1.0,0.0
andy,1700,1,14570.0,0,0.0,0.0,0.0
andy,1701,2,9114.5,2,0.0,1.0,0.0
andy,1702,32,72233.71875,24,0.25,0.75,0.8741268903666201
andy,1703,2,2760.0,2,0.0,1.0,0.0
andy,1704,3,6536.666666666667,3,0.0,1.0,0.0
andy,1705,1,10190.0,1,0.0,1.0,0.0
andy,1706,1,6010.0,1,0.0,1.0,0.0
andy,1707,2,14100.0,2,0.0,1.0,0.0
andy,1708,1,770.0,1,0.0,1.0,0.0
andy,1709,3,2136.6666666666665,3,0.0,1.0,0.0
andy,1710,2,1175.0,2,0.0,1.0,0.0
andy,1711,1,10370.0,1,0.0,1.0,0.0
andy,1712,1,7960.0,1,0.0,1.0,0.0
andy,1713,1,1840.0,1,0.0,1.0,0.0
andy,1714,1,12990.0,1,0.0,1.0,0.0
andy,1715,1,12040.0,1,0.0,1.0,0.0
andy,1716,1,5040.0,1,0.0,1.0,0.0
andy,1717,1,1370.0,1,0.0,1.0,0.0
andy,1718,1,3050.0,1,0.0,1.0,0.0
andy,1719,1,6240.0,1,0.0,1.0,0.0
andy,1720,2,16155.0,2,0.0,1.0,0.0
andy,1721,1,2930.0,1,0.0,1.0,0.0
andy,1722,1,2920.0,1,0.0,1.0,0.0
andy,1723,1,10150.0,1,0.0,1.0,0.0
andy,1724,1,260.0,1,0.0,1.0,0.0
andy,1725,3,15765.333333333334,3,0.0,1.0,0.0
andy,1726,1,6993.0,1,0.0,1.0,0.0
andy,1727,2,10319.0,2,0.0,1.0,0.0
andy,1728,29,65339.275862068964,22,0.20689655172413793,0.7586206896551724,0.7036960099990667
andy,1729,1,24019.0,1,0.0,1.0,0.0
andy,1730,2,55694.5,2,0.0,1.0,0.0
andy,1731,4,39685.25,4,0.0,1.0,0.0
andy,1732,4,42948.75,4,0.0,1.0,0.0
andy,1733,6,41073.666666666664,6,0.0,1.0,0.0
andy,1734,7,217151.7142857143,2,0.7142857142857143,0.2857142857142857,1.4853153869141684
andy,1735,3,49621.0,2,0.3333333333333333,0.6666666666666666,0.46209812037329684
andy,1736,4,193200.0,0,1.0,0.0,1.6094379124341003
andy,1737,13,36823.692307692305,12,0.07692307692307693,0.9230769230769231,0.2030044099704045
andy,1738,4,142956.75,1,0.75,0.25,1.2070784343255752
andy,1739,13,135630.38461538462,6,0.5384615384615384,0.46153846153846156,1.4210308697928313
andy,1740,4,75791.25,4,0.0,1.0,0.0
andy,1741,3,20523.333333333332,3,0.0,1.0,0.0
andy,1742,2,3157.0,2,0.0,1.0,0.0
andy,1743,2,1663.0,2,0.0,1.0,0.0
andy,1744,1,6863.0,1,0.0,1.0,0.0
andy,1745,1,4966.0,1,0.0,1.0,0.0
andy,1746,1,22766.0,1,0.0,1.0,0.0
andy,1747,1,5656.0,1,0.0,1.0,0.0
andy,1748,1,19386.0,1,0.0,1.0,0.0
andy,1749,1,26596.0,1,0.0,1.0,0.0
andy,1750,1,9086.0,1,0.0,1.0,0.0
andy,1751,1,6556.0,1,0.0,1.0,0.0
andy,1752,1,40266.0,1,0.0,1.0,0.0
andy,1753,4,93672.75,2,0.5,0.5,0.8047189562170501
andy,1754,5,76245.8,4,0.2,0.8,0.358351893845611
andy,1755,7,107295.0,3,0.5714285714285714,0.42857142857142855,1.1882523095313346
andy,1756,6,64769.0,3,0.5,0.5,0.9729550745276566
andy,1757,2,9575.0,2,0.0,1.0,0.0
andy,1758,3,89494.33333333333,2,0.3333333333333333,0.6666666666666666,0.46209812037329684
andy,1759,3,1500.6666666666667,3,0.0,1.0,0.0
andy,1760,2,851.0,2,0.0,1.0,0.0
andy,1761,4,9762.25,3,0.0,0.75,0.0
andy,1762,15,31767.666666666668,13,0.13333333333333333,0.8666666666666667,0.36967849629863747
andy,1763,13,58773.46153846154,11,0.15384615384615385,0.8461538461538461,0.406008819940809
andy,1764,4,48008.25,3,0.25,0.75,0.40235947810852507
andy,1765,3,23339.666666666668,3,0.0,1.0,0.0
andy,1766,2,28459.5,2,0.0,1.0,0.0
andy,1767,2,1443.0,2,0.0,1.0,0.0
andy,1768,6,74868.33333333333,4,0.3333333333333333,0.6666666666666666,0.648636716351771
andy,1769,3,62390.666666666664,2,0.3333333333333333,0.6666666666666666,0.46209812037329684
andy,1770,2,94450.0,1,0.5,0.5,0.5493061443340549
andy,1771,1,180.0,1,0.0,1.0,0.0
andy,1772,1,9920.0,0,0.0,0.0,0.0
andy,1773,1,1460.0,0,0.0,0.0,0.0
andy,1774,5,65091.0,5,0.0,1.0,0.0
andy,1775,99,165897.18181818182,25,0.7272727272727273,0.25252525252525254,3.3492146807186125
andy,1776,1,57930.0,1,0.0,1.0,0.0
andy,1777,1,1970.0,1,0.0,1.0,0.0
andy,1778,1,11550.0,1,0.0,1.0,0.0
andy,1779,1,1386.0,1,0.0,1.0,0.0
andy,1780,1,1163.0,1,0.0,1.0,0.0
andy,1781,1,1009.0,1,0.0,1.0,0.0
andy,1782,1,671.0,1,0.0,1.0,0.0
andy,1783,1,1876.0,1,0.0,1.0,0.0
andy,1784,1,1029.0,1,0.0,1.0,0.0
andy,1785,1,938.0,1,0.0,1.0,0.0
andy,1786,1,1131.0,1,0.0,1.0,0.0
andy,1787,1,1570.0,1,0.0,1.0,0.0
andy,1788,1,1939.0,1,0.0,1.0,0.0
andy,1789,1,923.0,1,0.0,1.0,0.0
andy,1790,1,2236.0,1,0.0,1.0,0.0
andy,1791,1,712.0,1,0.0,1.0,0.0
andy,1792,1,1502.0,1,0.0,1.0,0.0
andy,1793,1,992.0,1,0.0,1.0,0.0
andy,1794,1,3755.0,1,0.0,1.0,0.0
andy,1795,1,2938.0,1,0.0,1.0,0.0
andy,1796,2,142648.5,1,0.5,0.5,0.5493061443340549
andy,1797,35,171831.8,13,0.6285714285714286,0.37142857142857144,2.252497618458126
andy,1798,1,54691.0,1,0.0,1.0,0.0
andy,1799,3,8257.0,3,0.0,1.0,0.0
andy,1800,2,2055.0,2,0.0,1.0,0.0
andy,1801,2,2240.0,2,0.0,1.0,0.0
andy,1802,1,1460.0,1,0.0,1.0,0.0
andy,1803,1,3000.0,1,0.0,1.0,0.0
andy,1804,1,3880.0,1,0.0,1.0,0.0
andy,1805,3,394.3333333333333,3,0.0,1.0,0.0
andy,1806,25,118063.32,15,0.4,0.6,1.3032386152085929
andy,1807,71,109710.43661971831,16,0.7605633802816901,0.22535211267605634,3.252675639815028
andy,1808,1,1850.0,1,0.0,1.0,0.0
andy,1809,3,2450.0,3,0.0,1.0,0.0
andy,1810,1,2460.0,1,0.0,1.0,0.0
andy,1811,1,6030.0,1,0.0,1.0,0.0
andy,1812,2,4450.0,2,0.0,1.0,0.0
andy,1813,1,500.0,1,0.0,1.0,0.0
andy,1814,1,2260.0,1,0.0,1.0,0.0
andy,1815,3,2833.3333333333335,3,0.0,1.0,0.0
andy,1816,1,21180.0,1,0.0,1.0,0.0
andy,1817,1,14350.0,1,0.0,1.0,0.0
andy,1818,1,3900.0,1,0.0,1.0,0.0
andy,1819,5,74600.2,4,0.2,0.8,0.358351893845611
andy,1820,1,1320.0,1,0.0,1.0,0.0
andy,1821,1,25820.0,1,0.0,1.0,0.0
andy,1822,1,27160.0,1,0.0,1.0,0.0
andy,1823,4,166948.5,1,0.75,0.25,1.2070784343255752
andy,1824,3,87224.66666666667,1,0.6666666666666666,0.3333333333333333,0.9241962407465937
andy,1825,2,57147.5,2,0.0,1.0,0.0
andy,1826,29,63493.93103448276,22,0.2413793103448276,0.7586206896551724,0.8209786783322445
andy,1827,1,3356.0,1,0.0,1.0,0.0
andy,1828,1,6636.0,1,0.0,1.0,0.0
andy,1829,2,2758.0,2,0.0,1.0,0.0
andy,1830,9,88921.66666666667,4,0.4444444444444444,0.4444444444444444,1.023371152441798
andy,1831,37,82431.0,21,0.43243243243243246,0.5675675675675675,1.5730102312330316
andy,1832,3,7026.666666666667,3,0.0,1.0,0.0
andy,1833,6,152378.33333333334,5,0.16666666666666666,0.8333333333333334,0.3243183581758855
andy,1834,4,16960.75,4,0.0,1.0,0.0
andy,1835,3,126750.66666666667,1,0.6666666666666666,0.3333333333333333,0.9241962407465937
andy,1836,3,2224.0,3,0.0,1.0,0.0
andy,1837,5,48689.0,4,0.2,0.8,0.358351893845611
andy,1838,3,94073.0,1,0.6666666666666666,0.3333333333333333,0.9241962407465937
andy,1839,3,72566.33333333333,2,0.3333333333333333,0.6666666666666666,0.46209812037329684
andy,1840,5,16953.4,5,0.0,1.0,0.0
andy,1841,1,47506.0,1,0.0,1.0,0.0
andy,1842,2,5829.5,2,0.0,1.0,0.0
andy,1843,1,27093.0,1,0.0,1.0,0.0
andy,1844,1,6046.0,1,0.0,1.0,0.0
andy,1845,1,32049.0,1,0.0,1.0,0.0
andy,1846,3,7260.0,2,0.0,0.6666666666666666,0.0
andy,1847,1,6570.0,1,0.0,1.0,0.0
andy,1848,1,2980.0,1,0.0,1.0,0.0
andy,1849,1,3670.0,1,0.0,1.0,0.0
andy,1850,2,6745.0,2,0.0,1.0,0.0
andy,1851,1,2300.0,1,0.0,1.0,0.0
andy,1852,1,5340.0,1,0.0,1.0,0.0
andy,1853,1,21070.0,1,0.0,1.0,0.0
andy,1854,1,15506.0,1,0.0,1.0,0.0
andy,1855,1,2123.0,1,0.0,1.0,0.0
andy,1856,1,2153.0,1,0.0,1.0,0.0
andy,1857,1,5103.0,1,0.0,1.0,0.0
andy,1858,1,6336.0,1,0.0,1.0,0.0
andy,1859,1,4513.0,1,0.0,1.0,0.0
andy,1860,2,7737.5,2,0.0,1.0,0.0
andy,1861,1,2403.0,1,0.0,1.0,0.0
andy,1862,1,4656.0,1,0.0,1.0,0.0
andy,1863,1,4653.0,1,0.0,1.0,0.0
andy,1864,1,2673.0,1,0.0,1.0,0.0
andy,1865,1,5253.0,1,0.0,1.0,0.0
andy,1866,1,3093.0,1,0.0,1.0,0.0
andy,1867,1,1563.0,1,0.0,1.0,0.0
andy,1868,1,67508.0,1,0.0,1.0,0.0
andy,1869,1,4056.0,1,0.0,1.0,0.0
andy,1870,1,6303.0,1,0.0,1.0,0.0
andy,1871,1,170453.0,0,1.0,0.0,0.6931471805599453
andy,1872,1,1913.0,1,0.0,1.0,0.0
andy,1873,2,77298.0,2,0.0,1.0,0.0
andy,1874,3,77486.66666666667,1,0.6666666666666666,0.3333333333333333,0.9241962407465937
andy,1875,4,136133.0,2,0.5,0.5,0.8047189562170501
andy,1876,4,39060.75,3,0.25,0.75,0.40235947810852507
andy,1877,3,65336.333333333336,2,0.3333333333333333,0.6666666666666666,0.46209812037329684
andy,1878,2,250.0,1,0.0,0.5,0.0
andy,1879,3,4358.0,1,0.0,0.3333333333333333,0.0
andy,1880,3,131092.0,2,0.3333333333333333,0.6666666666666666,0.46209812037329684
andy,1881,3,42789.666666666664,3,0.0,1.0,0.0
andy,1882,2,120971.5,1,0.5,0.5,0.5493061443340549
andy,1883,3,500.0,3,0.0,1.0,0.0
andy,1884,2,1880.0,2,0.0,1.0,0.0
andy,1885,1,2523.0,1,0.0,1.0,0.0
andy,1886,1,4396.0,1,0.0,1.0,0.0
andy,1887,4,13194.25,4,0.0,1.0,0.0
andy,1888,2,2982.5,2,0.0,1.0,0.0
andy,1889,1,9449.0,1,0.0,1.0,0.0
andy,1890,1,8996.0,1,0.0,1.0,0.0
andy,1891,2,11199.0,2,0.0,1.0,0.0
andy,1892,2,2336.0,2,0.0,1.0,0.0
andy,1893,2,8672.0,2,0.0,1.0,0.0
andy,1894,2,8879.0,2,0.0,1.0,0.0
andy,1895,1,8879.0,1,0.0,1.0,0.0
andy,1896,1,4806.0,1,0.0,1.0,0.0
andy,1897,2,84356.5,1,0.5,0.5,0.5493061443340549
andy,1898,2,119318.5,1,0.5,0.5,0.5493061443340549
andy,1899,4,94306.0,3,0.25,0.75,0.40235947810852507
andy,1900,51,190597.01960784313,19,0.6274509803921569,0.37254901960784315,2.479211744992268
andy,1901,2,159784.5,1,0.5,0.5,0.5493061443340549
andy,1902,2,100354.5,1,0.5,0.5,0.5493061443340549
andy,1903,1,218267.0,0,1.0,0.0,0.6931471805599453
andy,1904,1,227867.0,0,1.0,0.0,0.6931471805599453
andy,1905,1,221027.0,0,1.0,0.0,0.6931471805599453
andy,1906,4,117768.75,2,0.5,0.5,0.8047189562170501
andy,1907,1,181507.0,0,1.0,0.0,0.6931471805599453
andy,1908,3,71823.0,2,0.3333333333333333,0.6666666666666666,0.46209812037329684
andy,1909,3,71330.0,2,0.3333333333333333,0.6666666666666666,0.46209812037329684
andy,1910,4,146690.25,1,0.75,0.25,1.2070784343255752
andy,1911,2,112285.0,1,0.5,0.5,0.5493061443340549
andy,1912,1,185992.0,0,1.0,0.0,0.6931471805599453
andy,1913,1,270000.0,0,1.0,0.0,0.6931471805599453
andy,1914,2,130374.5,1,0.5,0.5,0.5493061443340549
andy,1915,1,3403.0,1,0.0,1.0,0.0
andy,1916,1,7353.0,1,0.0,1.0,0.0
andy,1917,44,88677.59090909091,19,0.5681818181818182,0.4318181818181818,2.1628764146422275
andy,1918,1,3173.0,1,0.0,1.0,0.0
andy,1919,1,8709.0,1,0.0,1.0,0.0
andy,1920,1,33283.0,1,0.0,1.0,0.0
andy,1921,1,4073.0,1,0.0,1.0,0.0
andy,1922,1,2203.0,1,0.0,1.0,0.0
andy,1923,1,5073.0,1,0.0,1.0,0.0
andy,1924,1,18353.0,1,0.0,1.0,0.0
andy,1925,2,61243.0,2,0.0,1.0,0.0
andy,1926,1,6253.0,1,0.0,1.0,0.0
andy,1927,1,13756.0,1,0.0,1.0,0.0
andy,1928,2,21123.0,2,0.0,1.0,0.0
andy,1929,5,84088.4,3,0.4,0.6,0.716703787691222
andy,1930,1,48744.0,1,0.0,1.0,0.0
andy,1931,1,73942.0,1,0.0,1.0,0.0
andy,1932,2,8798.0,2,0.0,1.0,0.0
andy,1933,1,4604.0,1,0.0,1.0,0.0
andy,1934,1,2992.0,1,0.0,1.0,0.0
andy,1935,1,25778.0,1,0.0,1.0,0.0
andy,1936,1,2872.0,1,0.0,1.0,0.0
andy,1937,2,6578.5,2,0.0,1.0,0.0
andy,1938,1,6154.0,1,0.0,1.0,0.0
andy,1939,1,4312.0,1,0.0,1.0,0.0
andy,1940,2,73800.0,2,0.0,1.0,0.0
andy,1941,1,582.0,1,0.0,1.0,0.0
andy,1942,1,5414.0,1,0.0,1.0,0.0
andy,1943,2,4605.0,2,0.0,1.0,0.0
andy,1944,1,6314.0,1,0.0,1.0,0.0
andy,1945,1,2822.0,1,0.0,1.0,0.0
andy,1946,1,4112.0,1,0.0,1.0,0.0
andy,1947,1,10264.0,1,0.0,1.0,0.0
andy,1948,2,22287.5,2,0.0,1.0,0.0
andy,1949,1,6772.0,1,0.0,1.0,0.0
andy,1950,2,2417.5,2,0.0,1.0,0.0
andy,1951,2,2843.0,2,0.0,1.0,0.0
andy,1952,1,3334.0,1,0.0,1.0,0.0
andy,1953,1,21276.0,1,0.0,1.0,0.0
andy,1954,1,8892.0,1,0.0,1.0,0.0
andy,1955,2,3027.5,2,0.0,1.0,0.0
andy,1956,1,7622.0,1,0.0,1.0,0.0
andy,1957,1,6214.0,1,0.0,1.0,0.0
andy,1958,1,2602.0,1,0.0,1.0,0.0
andy,1959,3,6223.0,3,0.0,1.0,0.0
andy,1960,1,6462.0,1,0.0,1.0,0.0
andy,1961,1,25252.0,1,0.0,1.0,0.0
andy,1962,1,52082.0,1,0.0,1.0,0.0
andy,1963,1,18874.0,1,0.0,1.0,0.0
andy,1964,1,0.0,1,0.0,1.0,0.0
andy,1965,1,5214.0,1,0.0,1.0,0.0
andy,1966,1,1622.0,1,0.0,1.0,0.0
andy,1967,1,2892.0,1,0.0,1.0,0.0
andy,1968,2,2597.5,2,0.0,1.0,0.0
andy,1969,3,3037.0,3,0.0,1.0,0.0
andy,1970,1,62262.0,1,0.0,1.0,0.0
andy,1971,2,6627.5,2,0.0,1.0,0.0
andy,1972,1,1852.0,1,0.0,1.0,0.0
andy,1973,2,7726.0,2,0.0,1.0,0.0
andy,1974,4,5644.5,4,0.0,1.0,0.0
andy,1975,1,5302.0,1,0.0,1.0,0.0
andy,1976,1,1942.0,1,0.0,1.0,0.0
andy,1977,2,129456.0,1,0.5,0.5,0.5493061443340549
andy,1978,1,28894.0,1,0.0,1.0,0.0
andy,1979,1,9164.0,1,0.0,1.0,0.0
andy,1980,1,3352.0,1,0.0,1.0,0.0
andy,1981,1,3172.0,1,0.0,1.0,0.0
andy,1982,1,7932.0,1,0.0,1.0,0.0
andy,1983,1,2492.0,1,0.0,1.0,0.0
andy,1984,1,1762.0,1,0.0,1.0,0.0
andy,1985,1,2232.0,1,0.0,1.0,0.0
andy,1986,2,3154.0,2,0.0,1.0,0.0
andy,1987,1,2022.0,1,0.0,1.0,0.0
andy,1988,1,2722.0,1,0.0,1.0,0.0
andy,1989,2,2432.5,2,0.0,1.0,0.0
andy,1990,1,8444.0,1,0.0,1.0,0.0
andy,1991,37,100291.43243243243,24,0.32432432432432434,0.6486486486486487,1.179757673424774
andy,1992,1,2262.0,1,0.0,1.0,0.0
andy,1993,2,13091.0,2,0.0,1.0,0.0
andy,1994,3,2296.3333333333335,3,0.0,1.0,0.0
andy,1995,1,5492.0,1,0.0,1.0,0.0
andy,1996,1,7792.0,1,0.0,1.0,0.0
andy,1997,1,3412.0,1,0.0,1.0,0.0
andy,1998,1,3282.0,1,0.0,1.0,0.0
andy,1999,2,5334.5,2,0.0,1.0,0.0
andy,2000,1,6472.0,1,0.0,1.0,0.0
andy,2001,2,5910.0,2,0.0,1.0,0.0
andy,2002,1,4594.0,1,0.0,1.0,0.0
andy,2003,1,3604.0,1,0.0,1.0,0.0
andy,2004,1,4844.0,1,0.0,1.0,0.0
andy,2005,1,6034.0,1,0.0,1.0,0.0
andy,2006,1,78226.0,1,0.0,1.0,0.0
andy,2007,2,5292.0,2,0.0,1.0,0.0
andy,2008,2,5648.5,2,0.0,1.0,0.0
andy,2009,1,3692.0,1,0.0,1.0,0.0
andy,2010,1,1412.0,1,0.0,1.0,0.0
andy,2011,1,1312.0,1,0.0,1.0,0.0
andy,2012,2,5772.0,2,0.0,1.0,0.0
andy,2013,41,86803.0731707317,24,0.3902439024390244,0.5853658536585366,1.4586027778666804
andy,2014,1,2172.0,1,0.0,1.0,0.0
andy,2015,1,10134.0,1,0.0,1.0,0.0
andy,2016,2,4010.5,2,0.0,1.0,0.0
andy,2017,2,4004.0,2,0.0,1.0,0.0
andy,2018,2,8141.0,2,0.0,1.0,0.0
andy,2019,2,6668.0,2,0.0,1.0,0.0
andy,2020,1,2462.0,1,0.0,1.0,0.0
andy,2021,1,3012.0,1,0.0,1.0,0.0
andy,2022,1,30742.0,1,0.0,1.0,0.0
andy,2023,2,5881.5,2,0.0,1.0,0.0
andy,2024,1,1802.0,1,0.0,1.0,0.0
andy,2025,1,4094.0,1,0.0,1.0,0.0
andy,2026,1,5214.0,1,0.0,1.0,0.0
andy,2027,2,15262.5,2,0.0,1.0,0.0
andy,2028,1,17722.0,1,0.0,1.0,0.0
andy,2029,2,6567.5,2,0.0,1.0,0.0
andy,2030,2,38239.0,2,0.0,1.0,0.0
andy,2031,1,6024.0,1,0.0,1.0,0.0
andy,2032,1,3282.0,1,0.0,1.0,0.0
andy,2033,1,4432.0,1,0.0,1.0,0.0
andy,2034,1,3342.0,1,0.0,1.0,0.0
andy,2035,1,2772.0,1,0.0,1.0,0.0
andy,2036,2,2792.5,2,0.0,1.0,0.0
andy,2037,3,4490.666666666667,3,0.0,1.0,0.0
andy,2038,2,4749.0,2,0.0,1.0,0.0
andy,2039,1,3704.0,1,0.0,1.0,0.0
andy,2040,2,2122.5,2,0.0,1.0,0.0
andy,2041,2,5188.5,2,0.0,1.0,0.0
andy,2042,1,2382.0,1,0.0,1.0,0.0
andy,2043,2,21799.5,2,0.0,1.0,0.0
andy,2044,1,2792.0,1,0.0,1.0,0.0
andy,2045,4,6415.75,4,0.0,1.0,0.0
andy,2046,1,11852.0,1,0.0,1.0,0.0
andy,2047,1,5132.0,1,0.0,1.0,0.0
andy,2048,1,6794.0,1,0.0,1.0,0.0
andy,2049,3,2607.0,3,0.0,1.0,0.0
andy,2050,2,941.5,2,0.0,1.0,0.0
andy,2051,2,1964.0,2,0.0,1.0,0.0
andy,2052,28,34053.32142857143,25,0.10714285714285714,0.8928571428571429,0.36078169606997934
andy,2053,1,12844.0,1,0.0,1.0,0.0
andy,2054,1,2472.0,1,0.0,1.0,0.0
andy,2055,1,4882.0,1,0.0,1.0,0.0
andy,2056,1,3392.0,1,0.0,1.0,0.0
andy,2057,1,7594.0,1,0.0,1.0,0.0
andy,2058,68,153280.0,42,0.38235294117647056,0.6176470588235294,1.6189230752871875
andy,2059,2,8020.0,2,0.0,1.0,0.0
andy,2060,1,510.0,1,0.0,1.0,0.0
andy,2061,1,8126.0,1,0.0,1.0,0.0
andy,2062,1,44916.0,1,0.0,1.0,0.0
andy,2063,25,82979.44,21,0.16,0.84,0.5212954460834371
andy,2064,3,8953.333333333334,3,0.0,1.0,0.0
andy,2065,9,20214.88888888889,9,0.0,1.0,0.0
andy,2066,4,2185.0,4,0.0,1.0,0.0
andy,2067,5,4322.0,5,0.0,1.0,0.0
andy,2068,20,67458.35,13,0.35,0.65,1.065582853203198
andy,2069,1,3570.0,1,0.0,1.0,0.0
andy,2070,3,71502.66666666667,2,0.3333333333333333,0.6666666666666666,0.46209812037329684
andy,2071,2,5120.0,2,0.0,1.0,0.0
andy,2072,1,3550.0,1,0.0,1.0,0.0
andy,2073,1,5820.0,1,0.0,1.0,0.0
andy,2074,2,52919.0,1,0.0,0.5,0.0
andy,2075,1,1700.0,1,0.0,1.0,0.0
andy,2076,1,7470.0,1,0.0,1.0,0.0
andy,2077,1,5270.0,1,0.0,1.0,0.0
andy,2078,4,44523.0,4,0.0,1.0,0.0
andy,2079,2,113285.0,1,0.5,0.5,0.5493061443340549
andy,2080,2,57064.5,1,0.5,0.5,0.5493061443340549
andy,2081,1,79532.0,1,0.0,1.0,0.0
andy,2082,1,1330.0,1,0.0,1.0,0.0
andy,2083,1,2840.0,1,0.0,1.0,0.0
andy,2084,1,1220.0,1,0.0,1.0,0.0
andy,2085,1,5380.0,1,0.0,1.0,0.0
andy,2086,1,1650.0,1,0.0,1.0,0.0
andy,2087,1,2010.0,1,0.0,1.0,0.0
andy,2088,1,1450.0,1,0.0,1.0,0.0
andy,2089,1,179755.0,0,1.0,0.0,0.6931471805599453
andy,2090,1,24523.0,1,0.0,1.0,0.0
andy,2091,1,22499.0,1,0.0,1.0,0.0
andy,2092,1,33203.0,1,0.0,1.0,0.0
andy,2093,1,46595.0,1,0.0,1.0,0.0
andy,2094,1,14566.0,1,0.0,1.0,0.0
andy,2095,1,24876.0,1,0.0,1.0,0.0
andy,2096,1,8353.0,1,0.0,1.0,0.0
andy,2097,1,11656.0,1,0.0,1.0,0.0
andy,2098,2,224619.0,0,1.0,0.0,1.0986122886681098
andy,2099,1,14656.0,1,0.0,1.0,0.0
andy,2100,3,27984.0,2,0.3333333333333333,0.6666666666666666,0.46209812037329684
andy,2101,294,129829.9693877551,33,0.8707482993197279,0.11224489795918367,4.951924119806102
andy,2102,4,11323.75,4,0.0,1.0,0.0
andy,2103,1,5636.0,1,0.0,1.0,0.0
andy,2104,1,25673.0,1,0.0,1.0,0.0
andy,2105,1,25963.0,1,0.0,1.0,0.0
andy,2106,1,8323.0,1,0.0,1.0,0.0
andy,2107,1,16503.0,1,0.0,1.0,0.0
andy,2108,1,10816.0,1,0.0,1.0,0.0
andy,2109,1,22586.0,1,0.0,1.0,0.0
andy,2110,1,3403.0,1,0.0,1.0,0.0
andy,2111,1,71716.0,1,0.0,1.0,0.0
andy,2112,1,37149.0,1,0.0,1.0,0.0
andy,2113,1,43695.0,1,0.0,1.0,0.0
andy,2114,1,8396.0,1,0.0,1.0,0.0
andy,2115,39,63448.07692307692,26,0.3333333333333333,0.6666666666666666,1.2296264847046454
andy,2116,1,2420.0,1,0.0,1.0,0.0
andy,2117,2,3585.0,2,0.0,1.0,0.0
andy,2118,1,1690.0,1,0.0,1.0,0.0
andy,2119,1,1570.0,1,0.0,1.0,0.0
andy,2120,1,1230.0,1,0.0,1.0,0.0
andy,2121,1,1170.0,1,0.0,1.0,0.0
andy,2122,1,1150.0,1,0.0,1.0,0.0
andy,2123,2,16845.0,2,0.0,1.0,0.0
andy,2124,2,1570.0,2,0.0,1.0,0.0
andy,2125,1,1710.0,1,0.0,1.0,0.0
andy,2126,2,685.0,2,0.0,1.0,0.0
andy,2127,1,1150.0,1,0.0,1.0,0.0
andy,2128,1,1100.0,1,0.0,1.0,0.0
andy,2129,1,6290.0,1,0.0,1.0,0.0
andy,2130,1,18536.0,1,0.0,1.0,0.0
andy,2131,30,57198.433333333334,26,0.13333333333333333,0.8666666666666667,0.4578649605980195
andy,2132,1,29126.0,1,0.0,1.0,0.0
andy,2133,1,24619.0,1,0.0,1.0,0.0
andy,2134,1,36629.0,1,0.0,1.0,0.0
andy,2135,1,48812.0,1,0.0,1.0,0.0
andy,2136,1,7740.0,1,0.0,1.0,0.0
andy,2137,1,1503.0,1,0.0,1.0,0.0
andy,2138,1,1373.0,1,0.0,1.0,0.0
andy,2139,1,3523.0,1,0.0,1.0,0.0
andy,2140,1,14986.0,1,0.0,1.0,0.0
andy,2141,39,59985.64102564102,32,0.1794871794871795,0.8205128205128205,0.6621065686871168
andy,2142,1,6996.0,1,0.0,1.0,0.0
andy,2143,1,10253.0,1,0.0,1.0,0.0
andy,2144,1,1353.0,1,0.0,1.0,0.0
andy,2145,26,49069.96153846154,22,0.15384615384615385,0.8461538461538461,0.5070518255391275
andy,2146,1,4023.0,1,0.0,1.0,0.0
andy,2147,1,2573.0,1,0.0,1.0,0.0
andy,2148,1,3443.0,1,0.0,1.0,0.0
andy,2149,1,3063.0,1,0.0,1.0,0.0
andy,2150,1,4033.0,1,0.0,1.0,0.0
andy,2151,1,3463.0,1,0.0,1.0,0.0
andy,2152,1,2533.0,1,0.0,1.0,0.0
andy,2153,29,57209.206896551725,20,0.3103448275862069,0.6896551724137931,1.0555440149986
andy,2154,1,3626.0,1,0.0,1.0,0.0
andy,2155,1,2613.0,1,0.0,1.0,0.0
andy,2156,1,1343.0,1,0.0,1.0,0.0
andy,2157,1,973.0,1,0.0,1.0,0.0
andy,2158,1,1623.0,1,0.0,1.0,0.0
andy,2159,1,1153.0,1,0.0,1.0,0.0
andy,2160,1,1733.0,1,0.0,1.0,0.0
andy,2161,1,2783.0,1,0.0,1.0,0.0
andy,2162,1,2183.0,1,0.0,1.0,0.0
andy,2163,1,6176.0,1,0.0,1.0,0.0
andy,2164,1,2153.0,1,0.0,1.0,0.0
andy,2165,1,2203.0,1,0.0,1.0,0.0
andy,2166,1,1223.0,1,0.0,1.0,0.0
andy,2167,1,1413.0,1,0.0,1.0,0.0
andy,2168,1,2323.0,1,0.0,1.0,0.0
andy,2169,1,1913.0,1,0.0,1.0,0.0
andy,2170,1,4036.0,1,0.0,1.0,0.0
andy,2171,1,4836.0,1,0.0,1.0,0.0
andy,2172,1,2603.0,1,0.0,1.0,0.0
andy,2173,1,12533.0,1,0.0,1.0,0.0
andy,2174,1,1863.0,1,0.0,1.0,0.0
andy,2175,40,33332.05,32,0.175,0.8,0.6498751116732538
andy,2176,29,53751.0,23,0.20689655172413793,0.7931034482758621,0.7036960099990667
andy,2177,3,33514.666666666664,2,0.3333333333333333,0.6666666666666666,0.46209812037329684
andy,2178,1,2506.0,1,0.0,1.0,0.0
andy,2179,1,9629.0,1,0.0,1.0,0.0
andy,2180,19,56410.57894736842,16,0.15789473684210525,0.8421052631578947,0.47301035898220906
andy,2181,1,11246.0,1,0.0,1.0,0.0
andy,2182,1,27752.0,1,0.0,1.0,0.0
andy,2183,1,3934.0,1,0.0,1.0,0.0
andy,2184,3,64101.666666666664,2,0.3333333333333333,0.6666666666666666,0.46209812037329684
andy,2185,1,21734.0,1,0.0,1.0,0.0
andy,2186,1,4894.0,1,0.0,1.0,0.0
andy,2187,1,2322.0,1,0.0,1.0,0.0
andy,2188,1,13996.0,1,0.0,1.0,0.0
andy,2189,3,74367.66666666667,2,0.3333333333333333,0.6666666666666666,0.46209812037329684
andy,2190,1,24272.0,0,0.0,0.0,0.0
andy,2191,1,180560.0,0,1.0,0.0,0.6931471805599453
andy,2192,1,152582.0,1,0.0,1.0,0.0
andy,2193,3,56246.333333333336,2,0.3333333333333333,0.6666666666666666,0.46209812037329684
andy,2194,1,14816.0,1,0.0,1.0,0.0
andy,2195,3,2707.3333333333335,3,0.0,1.0,0.0
andy,2196,2,12127.5,2,0.0,1.0,0.0
andy,2197,1,5776.0,1,0.0,1.0,0.0
andy,2198,2,5066.0,2,0.0,1.0,0.0
andy,2199,1,27869.0,1,0.0,1.0,0.0
andy,2200,2,13056.5,2,0.0,1.0,0.0
andy,2201,2,9435.0,1,0.0,0.5,0.0
andy,2202,1,118280.0,0,1.0,0.0,0.6931471805599453
andy,2203,14,39156.07142857143,13,0.07142857142857142,0.9285714285714286,0.1934321572215864
andy,2204,2,14975.0,1,0.0,0.5,0.0
andy,2205,1,34805.0,1,0.0,1.0,0.0
andy,2206,26,131620.92307692306,14,0.38461538461538464,0.5384615384615384,1.267629563847819
andy,2207,1,18144.0,1,0.0,1.0,0.0
andy,2208,4,45583.0,4,0.0,1.0,0.0
andy,2209,2,10201.0,2,0.0,1.0,0.0
andy,2210,1,14359.0,1,0.0,1.0,0.0
andy,2211,1,91435.0,1,0.0,1.0,0.0
andy,2212,2,10561.0,2,0.0,1.0,0.0
andy,2213,9,15282.555555555555,9,0.0,1.0,0.0
andy,2214,1,10242.0,1,0.0,1.0,0.0
andy,2215,1,20430.0,1,0.0,1.0,0.0
andy,2216,1,5943.0,1,0.0,1.0,0.0
andy,2217,2,25729.5,2,0.0,1.0,0.0
andy,2218,1,77813.0,1,0.0,1.0,0.0
andy,2219,21,152985.2380952381,11,0.47619047619047616,0.5238095238095238,1.4719249777896741
andy,2220,20,94269.45,14,0.3,0.7,0.9133567313170269
andy,2221,1,33520.0,1,0.0,1.0,0.0
andy,2222,1,3640.0,1,0.0,1.0,0.0
andy,2223,1,7290.0,1,0.0,1.0,0.0
andy,2224,1,24810.0,1,0.0,1.0,0.0
andy,2225,1,3790.0,1,0.0,1.0,0.0
andy,2226,1,1640.0,1,0.0,1.0,0.0
andy,2227,1,1290.0,1,0.0,1.0,0.0
andy,2228,1,18770.0,1,0.0,1.0,0.0
andy,2229,1,3580.0,1,0.0,1.0,0.0
andy,2230,1,131900.0,1,0.0,1.0,0.0
andy,2231,1,4836.0,1,0.0,1.0,0.0
andy,2232,1,1493.0,1,0.0,1.0,0.0
andy,2233,1,2193.0,1,0.0,1.0,0.0
andy,2234,1,3716.0,1,0.0,1.0,0.0
andy,2235,1,18900.0,1,0.0,1.0,0.0
andy,2236,2,107075.0,1,0.5,0.5,0.5493061443340549
andy,2237,1,16416.0,1,0.0,1.0,0.0
andy,2238,1,3906.0,1,0.0,1.0,0.0
andy,2239,1,4646.0,1,0.0,1.0,0.0
andy,2240,1,3976.0,1,0.0,1.0,0.0
andy,2241,1,4266.0,1,0.0,1.0,0.0
andy,2242,1,4956.0,1,0.0,1.0,0.0
andy,2243,10,73921.8,7,0.3,0.7,0.7193685818395111
andy,2244,1,5723.0,1,0.0,1.0,0.0
andy,2245,1,103588.0,1,0.0,1.0,0.0
andy,2246,2,17231.5,1,0.0,0.5,0.0
andy,2247,29,119127.62068965517,12,0.5172413793103449,0.41379310344827586,1.7592400249976667
andy,2248,2,37105.0,2,0.0,1.0,0.0
andy,2249,2,3069.5,2,0.0,1.0,0.0
andy,2250,1,21405.0,1,0.0,1.0,0.0
andy,2251,1,76818.0,1,0.0,1.0,0.0
andy,2252,1,12566.0,1,0.0,1.0,0.0
andy,2253,1,10209.0,1,0.0,1.0,0.0
andy,2254,1,2839.0,1,0.0,1.0,0.0
andy,2255,1,5849.0,1,0.0,1.0,0.0
andy,2256,1,11262.0,1,0.0,1.0,0.0
andy,2257,1,5226.0,1,0.0,1.0,0.0
andy,2258,1,17303.0,1,0.0,1.0,0.0
andy,2259,1,6309.0,1,0.0,1.0,0.0
andy,2260,1,15126.0,1,0.0,1.0,0.0
andy,2261,1,5499.0,1,0.0,1.0,0.0
andy,2262,1,7989.0,1,0.0,1.0,0.0
andy,2263,1,4739.0,1,0.0,1.0,0.0
andy,2264,1,6729.0,1,0.0,1.0,0.0
andy,2265,1,11556.0,1,0.0,1.0,0.0
andy,2266,1,12206.0,1,0.0,1.0,0.0
andy,2267,1,10096.0,1,0.0,1.0,0.0
andy,2268,1,23286.0,1,0.0,1.0,0.0
andy,2269,2,34018.0,2,0.0,1.0,0.0
andy,2270,1,15452.0,1,0.0,1.0,0.0
andy,2271,16,120346.6875,8,0.5,0.5,1.416606672028108
andy,2272,1,3584.0,1,0.0,1.0,0.0
andy,2273,1,8259.0,1,0.0,1.0,0.0
andy,2274,11,95587.81818181818,5,0.36363636363636365,0.45454545454545453,0.9036024181047274
andy,2275,1,24365.0,1,0.0,1.0,0.0
andy,2276,3,60336.0,2,0.3333333333333333,0.6666666666666666,0.46209812037329684
andy,2277,3,4240.666666666667,3,0.0,1.0,0.0
andy,2278,2,5371.0,2,0.0,1.0,0.0
andy,2279,19,127713.31578947368,9,0.5263157894736842,0.47368421052631576,1.5767011966073636
andy,2280,1,36569.0,1,0.0,1.0,0.0
andy,2281,1,42748.0,1,0.0,1.0,0.0
andy,2282,1,15682.0,1,0.0,1.0,0.0
andy,2283,1,4926.0,1,0.0,1.0,0.0
andy,2284,1,14436.0,1,0.0,1.0,0.0
andy,2285,1,2273.0,1,0.0,1.0,0.0
andy,2286,1,13659.0,1,0.0,1.0,0.0
andy,2287,1,6556.0,1,0.0,1.0,0.0
andy,2288,1,5203.0,1,0.0,1.0,0.0
andy,2289,1,13953.0,1,0.0,1.0,0.0
andy,2290,1,4503.0,1,0.0,1.0,0.0
andy,2291,1,2553.0,1,0.0,1.0,0.0
andy,2292,1,3213.0,1,0.0,1.0,0.0
andy,2293,1,5246.0,1,0.0,1.0,0.0
andy,2294,1,5213.0,1,0.0,1.0,0.0
andy,2295,1,5546.0,1,0.0,1.0,0.0
andy,2296,1,4566.0,1,0.0,1.0,0.0
andy,2297,2,61338.0,2,0.0,1.0,0.0
andy,2298,1,33500.0,1,0.0,1.0,0.0
andy,2299,1,5112.0,1,0.0,1.0,0.0
andy,2300,1,12746.0,1,0.0,1.0,0.0
andy,2301,1,2113.0,1,0.0,1.0,0.0
andy,2302,1,198116.0,1,0.0,1.0,0.0
andy,2303,17,126947.5294117647,7,0.5882352941176471,0.4117647058823529,1.700218681115391
andy,2304,1,130313.0,1,0.0,1.0,0.0
andy,2305,1,19000.0,1,0.0,1.0,0.0
andy,2306,1,5700.0,1,0.0,1.0,0.0
andy,2307,1,10500.0,1,0.0,1.0,0.0
andy,2308,1,15231.0,1,0.0,1.0,0.0
andy,2309,5,85597.8,4,0.2,0.8,0.358351893845611
andy,2310,2,105728.0,1,0.5,0.5,0.5493061443340549
andy,2311,1,17539.0,1,0.0,1.0,0.0
andy,2312,3,16131.666666666666,3,0.0,1.0,0.0
andy,2313,3,43178.0,3,0.0,1.0,0.0
andy,2314,2,14733.0,2,0.0,1.0,0.0
andy,2315,2,17416.5,2,0.0,1.0,0.0
andy,2316,2,7408.0,2,0.0,1.0,0.0
andy,2317,2,3503.0,2,0.0,1.0,0.0
andy,2318,2,3948.0,2,0.0,1.0,0.0
andy,2319,1,3926.0,1,0.0,1.0,0.0
andy,2320,1,6003.0,1,0.0,1.0,0.0
andy,2321,2,20416.0,2,0.0,1.0,0.0
andy,2322,8,24538.875,7,0.125,0.875,0.27465307216702745
andy,2323,1,110695.0,1,0.0,1.0,0.0
andy,2324,1,8300.0,1,0.0,1.0,0.0
andy,2325,1,990.0,1,0.0,1.0,0.0
andy,2326,1,1320.0,1,0.0,1.0,0.0
andy,2327,1,850.0,1,0.0,1.0,0.0
andy,2328,1,6410.0,1,0.0,1.0,0.0
andy,2329,1,5350.0,1,0.0,1.0,0.0
andy,2330,1,2950.0,1,0.0,1.0,0.0
andy,2331,35,134671.62857142856,13,0.6,0.37142857142857144,2.1501113630736657
andy,2332,29,137618.1724137931,14,0.5172413793103449,0.4827586206896552,1.7592400249976667
andy,2333,1,4113.0,1,0.0,1.0,0.0
andy,2334,1,5376.0,1,0.0,1.0,0.0
andy,2335,1,16701.0,1,0.0,1.0,0.0
andy,2336,1,5686.0,1,0.0,1.0,0.0
andy,2337,5,15192.2,5,0.0,1.0,0.0
andy,2338,16,67585.875,14,0.0625,0.875,0.1770758340035135
andy,2339,2,9065.0,2,0.0,1.0,0.0
andy,2340,2,9195.0,2,0.0,1.0,0.0
andy,2341,1,28360.0,1,0.0,1.0,0.0
andy,2342,1,4500.0,1,0.0,1.0,0.0
andy,2343,1,20160.0,1,0.0,1.0,0.0
andy,2344,9,18063.0,9,0.0,1.0,0.0
andy,2345,2,7085.0,2,0.0,1.0,0.0
andy,2346,2,11355.0,2,0.0,1.0,0.0
andy,2347,1,8020.0,1,0.0,1.0,0.0
andy,2348,1,4200.0,1,0.0,1.0,0.0
andy,2349,1,5890.0,1,0.0,1.0,0.0
andy,2350,1,6220.0,1,0.0,1.0,0.0
andy,2351,1,34110.0,1,0.0,1.0,0.0
andy,2352,1,6920.0,1,0.0,1.0,0.0
andy,2353,1,9810.0,1,0.0,1.0,0.0
andy,2354,1,8483.0,1,0.0,1.0,0.0
andy,2355,1,3906.0,1,0.0,1.0,0.0
andy,2356,1,35002.0,1,0.0,1.0,0.0
andy,2357,3,8890.333333333334,2,0.0,0.6666666666666666,0.0
andy,2358,5,21660.0,5,0.0,1.0,0.0
andy,2359,1,3473.0,1,0.0,1.0,0.0
andy,2360,1,5613.0,1,0.0,1.0,0.0
andy,2361,1,3503.0,1,0.0,1.0,0.0
andy,2362,1,2843.0,1,0.0,1.0,0.0
andy,2363,1,29663.0,1,0.0,1.0,0.0
andy,2364,1,28761.0,1,0.0,1.0,0.0
andy,2365,1,1793.0,1,0.0,1.0,0.0
andy,2366,1,21452.0,1,0.0,1.0,0.0
andy,2367,1,2183.0,1,0.0,1.0,0.0
andy,2368,5,25452.0,5,0.0,1.0,0.0
andy,2369,2,5055.0,2,0.0,1.0,0.0
andy,2370,18,50434.0,12,0.16666666666666666,0.6666666666666666,0.49073982986107334
andy,2371,1,10230.0,1,0.0,1.0,0.0
andy,2372,1,2880.0,1,0.0,1.0,0.0
andy,2373,1,3030.0,1,0.0,1.0,0.0
andy,2374,1,3990.0,1,0.0,1.0,0.0
andy,2375,1,960.0,1,0.0,1.0,0.0
andy,2376,1,21650.0,1,0.0,1.0,0.0
andy,2377,1,2510.0,1,0.0,1.0,0.0
andy,2378,1,970.0,1,0.0,1.0,0.0
andy,2379,2,885.0,2,0.0,1.0,0.0
andy,2380,1,3830.0,1,0.0,1.0,0.0
andy,2381,1,1390.0,1,0.0,1.0,0.0
andy,2382,1,1080.0,1,0.0,1.0,0.0
andy,2383,1,940.0,1,0.0,1.0,0.0
andy,2384,1,36260.0,1,0.0,1.0,0.0
andy,2385,1,2560.0,1,0.0,1.0,0.0
andy,2386,1,3930.0,1,0.0,1.0,0.0
andy,2387,1,3740.0,1,0.0,1.0,0.0
andy,2388,1,6330.0,1,0.0,1.0,0.0
andy,2389,1,110860.0,1,0.0,1.0,0.0
andy,2390,1,3060.0,1,0.0,1.0,0.0
andy,2391,1,2670.0,1,0.0,1.0,0.0
andy,2392,1,7660.0,1,0.0,1.0,0.0
andy,2393,1,1810.0,1,0.0,1.0,0.0
andy,2394,1,8430.0,1,0.0,1.0,0.0
andy,2395,2,33760.0,2,0.0,1.0,0.0
andy,2396,1,3190.0,1,0.0,1.0,0.0
andy,2397,1,26660.0,1,0.0,1.0,0.0
andy,2398,1,10450.0,1,0.0,1.0,0.0
andy,2399,1,5690.0,1,0.0,1.0,0.0
andy,2400,1,6150.0,1,0.0,1.0,0.0
andy,2401,1,21940.0,1,0.0,1.0,0.0
andy,2402,1,13810.0,1,0.0,1.0,0.0
andy,2403,1,11000.0,1,0.0,1.0,0.0
andy,2404,1,920.0,1,0.0,1.0,0.0
andy,2405,1,3740.0,1,0.0,1.0,0.0
andy,2406,1,2130.0,1,0.0,1.0,0.0
andy,2407,1,5320.0,1,0.0,1.0,0.0
andy,2408,2,19071.5,2,0.0,1.0,0.0
andy,2409,1,6650.0,1,0.0,1.0,0.0
andy,2410,1,3500.0,1,0.0,1.0,0.0
andy,2411,1,2290.0,1,0.0,1.0,0.0
andy,2412,1,2240.0,1,0.0,1.0,0.0
andy,2413,1,1460.0,1,0.0,1.0,0.0
andy,2414,2,3800.0,2,0.0,1.0,0.0
andy,2415,1,3550.0,1,0.0,1.0,0.0
andy,2416,1,2800.0,1,0.0,1.0,0.0
andy,2417,1,7750.0,1,0.0,1.0,0.0
andy,2418,1,16489.0,1,0.0,1.0,0.0
andy,2419,1,4996.0,1,0.0,1.0,0.0
andy,2420,1,3166.0,1,0.0,1.0,0.0
andy,2421,1,11376.0,1,0.0,1.0,0.0
andy,2422,1,1723.0,1,0.0,1.0,0.0
andy,2423,1,8473.0,1,0.0,1.0,0.0
andy,2424,1,1873.0,1,0.0,1.0,0.0
andy,2425,1,2073.0,1,0.0,1.0,0.0
andy,2426,4,6393.25,4,0.0,1.0,0.0
andy,2427,3,8053.0,3,0.0,1.0,0.0
andy,2428,2,2656.0,2,0.0,1.0,0.0
andy,2429,3,6198.666666666667,3,0.0,1.0,0.0
andy,2430,4,4791.5,4,0.0,1.0,0.0
andy,2431,3,50644.666666666664,3,0.0,1.0,0.0
andy,2432,3,35482.666666666664,3,0.0,1.0,0.0
andy,2433,1,46519.0,1,0.0,1.0,0.0
andy,2434,1,38516.0,1,0.0,1.0,0.0
andy,2435,1,26311.0,1,0.0,1.0,0.0
andy,2436,8,81262.5,6,0.25,0.75,0.5493061443340549
andy,2437,2,1760.0,2,0.0,1.0,0.0
andy,2438,1,3090.0,1,0.0,1.0,0.0
andy,2439,1,2410.0,1,0.0,1.0,0.0
andy,2440,1,89140.0,1,0.0,1.0,0.0
andy,2441,1,29910.0,1,0.0,1.0,0.0
andy,2442,1,2540.0,1,0.0,1.0,0.0
andy,2443,11,40972.72727272727,10,0.0,0.9090909090909091,0.0
andy,2444,1,8290.0,1,0.0,1.0,0.0
andy,2445,1,6220.0,1,0.0,1.0,0.0
andy,2446,1,3130.0,1,0.0,1.0,0.0
andy,2447,1,9760.0,1,0.0,1.0,0.0
andy,2448,1,21530.0,1,0.0,1.0,0.0
andy,2449,1,10300.0,1,0.0,1.0,0.0
andy,2450,1,10760.0,1,0.0,1.0,0.0
andy,2451,1,2840.0,1,0.0,1.0,0.0
andy,2452,1,3460.0,1,0.0,1.0,0.0
andy,2453,1,51760.0,1,0.0,1.0,0.0
andy,2454,1,7097.0,1,0.0,1.0,0.0
andy,2455,2,31616.0,2,0.0,1.0,0.0
andy,2456,2,14950.0,2,0.0,1.0,0.0
andy,2457,1,90020.0,1,0.0,1.0,0.0
andy,2458,1,8890.0,1,0.0,1.0,0.0
andy,2459,1,3060.0,1,0.0,1.0,0.0
andy,2460,1,2180.0,1,0.0,1.0,0.0
andy,2461,1,9600.0,1,0.0,1.0,0.0
andy,2462,1,2170.0,1,0.0,1.0,0.0
andy,2463,1,14180.0,1,0.0,1.0,0.0
andy,2464,1,6376.0,1,0.0,1.0,0.0
andy,2465,1,9880.0,1,0.0,1.0,0.0
andy,2466,2,76760.0,2,0.0,1.0,0.0
andy,2467,1,64830.0,1,0.0,1.0,0.0
andy,2468,1,640.0,1,0.0,1.0,0.0
andy,2469,1,11200.0,1,0.0,1.0,0.0
andy,2470,1,9190.0,1,0.0,1.0,0.0
dishita,28,1,2491.0,1,0.0,1.0,0.0
dishita,60,1,4849.0,1,0.0,1.0,0.0
dishita,64,3,124986.0,1,0.6666666666666666,0.3333333333333333,0.9241962407465937
dishita,66,5,64121.4,3,0.4,0.6,0.716703787691222
dishita,263,1,213213.0,0,1.0,0.0,0.6931471805599453
dishita,269,1,210827.0,0,1.0,0.0,0.6931471805599453
dishita,271,4,87340.25,2,0.5,0.5,0.8047189562170501
dishita,452,1,1756.0,1,0.0,1.0,0.0
dishita,458,2,78120.5,1,0.5,0.5,0.5493061443340549
dishita,460,3,132413.66666666666,1,0.6666666666666666,0.3333333333333333,0.9241962407465937
dishita,612,1,2196.0,1,0.0,1.0,0.0
dishita,634,2,168813.0,0,1.0,0.0,1.0986122886681098
dishita,801,1,80811.0,1,0.0,1.0,0.0
dishita,977,2,1300.0,2,0.0,1.0,0.0
dishita,984,1,55678.0,1,0.0,1.0,0.0
dishita,988,4,81784.0,2,0.5,0.5,0.8047189562170501
dishita,1037,7,84139.71428571429,4,0.42857142857142855,0.5714285714285714,0.891189232148501
dishita,1058,13,34154.692307692305,11,0.15384615384615385,0.8461538461538461,0.406008819940809
dishita,1175,1,1248.0,1,0.0,1.0,0.0
dishita,1180,2,114494.5,1,0.5,0.5,0.5493061443340549
dishita,1233,16,77291.125,9,0.4375,0.5625,1.2395308380245946
dishita,1341,1,249454.0,0,1.0,0.0,0.6931471805599453
dishita,1351,1,1905.0,1,0.0,1.0,0.0
dishita,1373,1,4568.0,1,0.0,1.0,0.0
dishita,1400,3,138229.33333333334,1,0.6666666666666666,0.3333333333333333,0.9241962407465937
dishita,1474,4,113735.25,2,0.5,0.5,0.8047189562170501
dishita,1633,2,137348.0,1,0.5,0.5,0.5493061443340549
dishita,1684,1,2522.0,1,0.0,1.0,0.0
dishita,1685,4,80622.5,2,0.5,0.5,0.8047189562170501
dishita,1777,13,125030.69230769231,6,0.5384615384615384,0.46153846153846156,1.4210308697928313
dishita,1782,3,132060.0,1,0.6666666666666666,0.3333333333333333,0.9241962407465937
dishita,1792,2,85341.0,1,0.5,0.5,0.5493061443340549
dishita,1982,12,126085.41666666667,1,0.8333333333333334,0.08333333333333333,2.137457797884614
dishita,2027,1,4535.0,1,0.0,1.0,0.0
dishita,2091,8,79673.125,4,0.5,0.5,1.0986122886681098
dishita,2177,3,1386.3333333333333,3,0.0,1.0,0.0
dishita,2180,3,160458.66666666666,0,0.6666666666666666,0.0,0.9241962407465937
dishita,2207,1,201372.0,0,1.0,0.0,0.6931471805599453
dishita,2397,3,56138.666666666664,3,0.0,1.0,0.0
dishita,2408,1,236507.0,0,1.0,0.0,0.6931471805599453
dishita,2457,1,2448.0,1,0.0,1.0,0.0
dishita,2466,1,202061.0,0,1.0,0.0,0.6931471805599453
dishita,2470,7,184350.7142857143,2,0.7142857142857143,0.2857142857142857,1.4853153869141684
dishita,2471,12,117677.0,1,0.75,0.08333333333333333,1.9237120180961527
dishita,2472,5,183269.2,0,1.0,0.0,1.791759469228055
dishita,2473,12,23430.666666666668,11,0.08333333333333333,0.9166666666666666,0.21374577978846138
dishita,2474,13,116913.92307692308,2,0.8461538461538461,0.15384615384615385,2.2330485096744495
dishita,2475,3,101823.66666666667,1,0.6666666666666666,0.3333333333333333,0.9241962407465937
dishita,2476,12,136476.33333333334,5,0.5833333333333334,0.4166666666666667,1.4962204585192298
dishita,2477,17,225084.58823529413,4,0.7647058823529411,0.23529411764705882,2.210284285450008
dishita,2478,4,72195.5,2,0.5,0.5,0.8047189562170501
dishita,2479,14,75770.42857142857,8,0.42857142857142855,0.5714285714285714,1.1605929433295186
dishita,2480,14,148782.85714285713,0,0.9285714285714286,0.0,2.5146180438806236
dishita,2481,3,61416.0,1,0.6666666666666666,0.3333333333333333,0.9241962407465937
dishita,2482,16,193309.8125,2,0.875,0.125,2.4790616760491893
dishita,2483,1,202045.0,0,1.0,0.0,0.6931471805599453
dishita,2484,5,47702.0,3,0.4,0.6,0.716703787691222
dishita,2485,1,1178.0,1,0.0,1.0,0.0
dishita,2486,1,115327.0,1,0.0,1.0,0.0
dishita,2487,13,178458.53846153847,3,0.7692307692307693,0.23076923076923078,2.030044099704045
dishita,2488,1,10950.0,1,0.0,1.0,0.0
dishita,2489,5,33279.8,4,0.2,0.8,0.358351893845611
dishita,2490,1,2754.0,1,0.0,1.0,0.0
dishita,2491,1,5731.0,1,0.0,1.0,0.0
dishita,2492,1,2594.0,1,0.0,1.0,0.0
dishita,2493,1,1810.0,1,0.0,1.0,0.0
dishita,2494,1,1926.0,1,0.0,1.0,0.0
dishita,2495,2,23971.0,2,0.0,1.0,0.0
dishita,2496,1,2156.0,1,0.0,1.0,0.0
dishita,2497,1,2110.0,1,0.0,1.0,0.0
dishita,2498,1,2150.0,1,0.0,1.0,0.0
dishita,2499,5,2059.8,5,0.0,1.0,0.0
dishita,2500,1,2225.0,1,0.0,1.0,0.0
dishita,2501,1,21753.0,1,0.0,1.0,0.0
dishita,2502,12,122813.08333333333,6,0.5,0.5,1.2824746787307684
dishita,2503,15,123953.73333333334,7,0.5333333333333333,0.4666666666666667,1.4787139851945499
dishita,2504,12,147999.0,4,0.6666666666666666,0.3333333333333333,1.709966238307691
dishita,2505,1,243840.0,0,1.0,0.0,0.6931471805599453
dishita,2506,3,153297.66666666666,1,0.6666666666666666,0.3333333333333333,0.9241962407465937
dishita,2507,1,133769.0,0,1.0,0.0,0.6931471805599453
dishita,2508,3,56951.333333333336,2,0.3333333333333333,0.6666666666666666,0.46209812037329684
dishita,2509,15,116941.93333333333,4,0.7333333333333333,0.26666666666666666,2.033231729642506
dishita,2510,12,105490.0,5,0.5833333333333334,0.4166666666666667,1.4962204585192298
dishita,2511,21,180678.09523809524,2,0.8571428571428571,0.09523809523809523,2.6494649600214135
dishita,2512,3,180551.66666666666,0,1.0,0.0,1.3862943611198906
dishita,2513,5,125138.8,1,0.8,0.2,1.433407575382444
dishita,2514,5,64204.4,3,0.4,0.6,0.716703787691222
dishita,2515,1,160000.0,0,1.0,0.0,0.6931471805599453
dishita,2516,3,118520.66666666667,1,0.6666666666666666,0.3333333333333333,0.9241962407465937
dishita,2517,4,92605.5,1,0.5,0.25,0.8047189562170501
dishita,2518,2,90820.5,1,0.5,0.5,0.5493061443340549
dishita,2519,1,195110.0,0,1.0,0.0,0.6931471805599453
dishita,2520,1,203006.0,0,1.0,0.0,0.6931471805599453
dishita,2521,4,116309.75,1,0.75,0.25,1.2070784343255752
dishita,2522,1,171034.0,0,1.0,0.0,0.6931471805599453
dishita,2523,1,141055.0,0,1.0,0.0,0.6931471805599453
dishita,2524,6,95083.16666666667,2,0.6666666666666666,0.3333333333333333,1.297273432703542
dishita,2525,3,129664.0,1,0.6666666666666666,0.3333333333333333,0.9241962407465937
dishita,2526,3,161143.0,0,1.0,0.0,1.3862943611198906
dishita,2527,5,95106.4,3,0.4,0.6,0.716703787691222
dishita,2528,2,155564.0,0,1.0,0.0,1.0986122886681098
dishita,2529,1,141520.0,0,1.0,0.0,0.6931471805599453
dishita,2530,1,228040.0,0,1.0,0.0,0.6931471805599453
dishita,2531,1,179373.0,0,1.0,0.0,0.6931471805599453
dishita,2532,1,122739.0,0,1.0,0.0,0.6931471805599453
dishita,2533,1,180290.0,0,1.0,0.0,0.6931471805599453
dishita,2534,3,3214.3333333333335,3,0.0,1.0,0.0
dishita,2535,3,68760.0,2,0.3333333333333333,0.6666666666666666,0.46209812037329684
dishita,2536,1,68219.0,1,0.0,1.0,0.0
dishita,2537,2,842.5,2,0.0,1.0,0.0
dishita,2538,1,1144.0,1,0.0,1.0,0.0
dishita,2539,5,60076.2,4,0.2,0.8,0.358351893845611
dishita,2540,1,893.0,1,0.0,1.0,0.0
dishita,2541,1,1283.0,1,0.0,1.0,0.0
dishita,2542,1,899.0,1,0.0,1.0,0.0
dishita,2543,2,69614.5,2,0.0,1.0,0.0
dishita,2544,1,0.0,1,0.0,1.0,0.0
dishita,2545,7,24923.85714285714,6,0.14285714285714285,0.8571428571428571,0.29706307738283366
dishita,2546,1,1541.0,1,0.0,1.0,0.0
dishita,2547,1,1343.0,1,0.0,1.0,0.0
dishita,2548,1,2371.0,1,0.0,1.0,0.0
dishita,2549,1,189196.0,1,0.0,1.0,0.0
dishita,2550,1,74009.0,1,0.0,1.0,0.0
dishita,2551,1,41741.0,1,0.0,1.0,0.0
dishita,2552,1,79095.0,1,0.0,1.0,0.0
dishita,2553,2,28084.5,2,0.0,1.0,0.0
dishita,2554,1,189154.0,1,0.0,1.0,0.0
dishita,2555,1,2284.0,1,0.0,1.0,0.0
dishita,2556,2,123467.0,0,1.0,0.0,1.0986122886681098
dishita,2557,1,1727.0,1,0.0,1.0,0.0
dishita,2558,1,868.0,1,0.0,1.0,0.0
dishita,2559,1,196302.0,0,1.0,0.0,0.6931471805599453
dishita,2560,1,205264.0,0,1.0,0.0,0.6931471805599453
dishita,2561,2,162462.0,0,1.0,0.0,1.0986122886681098
dishita,2562,2,143766.5,1,0.5,0.5,0.5493061443340549
dishita,2563,8,125908.25,3,0.625,0.375,1.3732653608351373
dishita,2564,2,1438.5,2,0.0,1.0,0.0
dishita,2565,1,2551.0,1,0.0,1.0,0.0
dishita,2566,4,86051.25,3,0.25,0.75,0.40235947810852507
dishita,2567,5,12338.0,5,0.0,1.0,0.0
dishita,2568,1,145582.0,1,0.0,1.0,0.0
dishita,2569,1,159160.0,0,1.0,0.0,0.6931471805599453
dishita,2570,5,38483.6,5,0.0,1.0,0.0
dishita,2571,6,48233.666666666664,1,0.3333333333333333,0.16666666666666666,0.648636716351771
dishita,2572,2,176796.0,0,1.0,0.0,1.0986122886681098
dishita,2573,1,218813.0,0,1.0,0.0,0.6931471805599453
dishita,2574,3,59280.0,2,0.3333333333333333,0.6666666666666666,0.46209812037329684
dishita,2575,1,227360.0,0,1.0,0.0,0.6931471805599453
dishita,2576,3,77655.33333333333,1,0.3333333333333333,0.3333333333333333,0.46209812037329684
dishita,2577,17,124935.29411764706,5,0.5882352941176471,0.29411764705882354,1.700218681115391
dishita,2578,9,134224.88888888888,2,0.7777777777777778,0.2222222222222222,1.7908995167731467
dishita,2579,10,82509.0,0,1.0,0.0,2.3978952727983707
dishita,2580,11,121980.18181818182,4,0.6363636363636364,0.36363636363636365,1.5813042316832728
dishita,2581,12,185058.5,1,0.9166666666666666,0.08333333333333333,2.351203577673075
dishita,2582,3,98043.33333333333,1,0.6666666666666666,0.3333333333333333,0.9241962407465937
dishita,2583,3,175078.0,1,0.6666666666666666,0.3333333333333333,0.9241962407465937
dishita,2584,4,78516.5,2,0.5,0.5,0.8047189562170501
dishita,2585,2,154800.0,0,1.0,0.0,1.0986122886681098
dishita,2586,4,76931.25,2,0.5,0.5,0.8047189562170501
dishita,2587,5,66063.4,3,0.4,0.6,0.716703787691222
dishita,2588,2,167621.0,0,1.0,0.0,1.0986122886681098
dishita,2589,3,90244.66666666667,1,0.6666666666666666,0.3333333333333333,0.9241962407465937
dishita,2590,8,34705.625,6,0.25,0.75,0.5493061443340549
dishita,2591,3,110525.33333333333,1,0.6666666666666666,0.3333333333333333,0.9241962407465937
dishita,2592,4,82314.75,2,0.5,0.5,0.8047189562170501
dishita,2593,5,53147.2,3,0.4,0.6,0.716703787691222
dishita,2594,4,76648.25,2,0.5,0.5,0.8047189562170501
dishita,2595,1,137669.0,0,1.0,0.0,0.6931471805599453
dishita,2596,2,158878.0,0,1.0,0.0,1.0986122886681098
dishita,2597,3,87450.66666666667,1,0.6666666666666666,0.3333333333333333,0.9241962407465937
dishita,2598,5,56276.2,3,0.4,0.6,0.716703787691222
dishita,2599,3,138587.66666666666,1,0.6666666666666666,0.3333333333333333,0.9241962407465937
dishita,2600,4,76218.75,2,0.5,0.5,0.8047189562170501
dishita,2601,2,136704.0,0,1.0,0.0,1.0986122886681098
dishita,2602,2,131000.0,0,1.0,0.0,1.0986122886681098
dishita,2603,2,182931.0,0,1.0,0.0,1.0986122886681098
dishita,2604,4,72653.5,2,0.5,0.5,0.8047189562170501
dishita,2605,1,162950.0,0,1.0,0.0,0.6931471805599453
dishita,2606,3,106849.33333333333,1,0.6666666666666666,0.3333333333333333,0.9241962407465937
dishita,2607,6,48408.0,4,0.3333333333333333,0.6666666666666666,0.648636716351771
dishita,2608,6,50696.666666666664,5,0.16666666666666666,0.8333333333333334,0.3243183581758855
dishita,2609,2,158733.0,0,1.0,0.0,1.0986122886681098
dishita,2610,2,185977.0,0,1.0,0.0,1.0986122886681098
dishita,2611,4,78881.0,2,0.5,0.5,0.8047189562170501
dishita,2612,1,142733.0,0,1.0,0.0,0.6931471805599453
dishita,2613,2,84738.5,1,0.5,0.5,0.5493061443340549
dishita,2614,1,150000.0,0,1.0,0.0,0.6931471805599453
dishita,2615,5,66357.0,3,0.4,0.6,0.716703787691222
dishita,2616,1,173000.0,0,1.0,0.0,0.6931471805599453
dishita,2617,1,135000.0,0,1.0,0.0,0.6931471805599453
dishita,2618,1,162512.0,0,1.0,0.0,0.6931471805599453
dishita,2619,1,197001.0,0,1.0,0.0,0.6931471805599453
dishita,2620,3,60951.666666666664,2,0.3333333333333333,0.6666666666666666,0.46209812037329684
dishita,2621,2,73869.0,1,0.5,0.5,0.5493061443340549
dishita,2622,2,75758.0,1,0.5,0.5,0.5493061443340549
dishita,2623,1,145867.0,0,1.0,0.0,0.6931471805599453
dishita,2624,6,31644.5,5,0.16666666666666666,0.8333333333333334,0.3243183581758855
dishita,2625,1,143001.0,0,1.0,0.0,0.6931471805599453
dishita,2626,3,56099.0,2,0.3333333333333333,0.6666666666666666,0.46209812037329684
dishita,2627,3,53676.333333333336,2,0.3333333333333333,0.6666666666666666,0.46209812037329684
dishita,2628,1,144533.0,0,1.0,0.0,0.6931471805599453
dishita,2629,1,187964.0,0,1.0,0.0,0.6931471805599453
dishita,2630,1,176000.0,0,1.0,0.0,0.6931471805599453
dishita,2631,1,129001.0,0,1.0,0.0,0.6931471805599453
dishita,2632,2,151629.5,1,0.5,0.5,0.5493061443340549
dishita,2633,2,72326.0,1,0.5,0.5,0.5493061443340549
dishita,2634,4,31684.5,3,0.25,0.75,0.40235947810852507
dishita,2635,2,48732.0,1,0.5,0.5,0.5493061443340549
dishita,2636,1,90611.0,1,0.0,1.0,0.0
dishita,2637,3,24902.666666666668,3,0.0,1.0,0.0
dishita,2638,3,1605.6666666666667,3,0.0,1.0,0.0
dishita,2639,2,57805.0,2,0.0,1.0,0.0
dishita,2640,1,1919.0,1,0.0,1.0,0.0
dishita,2641,7,2948.0,7,0.0,1.0,0.0
dishita,2642,2,4820.0,2,0.0,1.0,0.0
dishita,2643,2,1787.5,2,0.0,1.0,0.0
dishita,2644,1,2207.0,1,0.0,1.0,0.0
dishita,2645,6,3685.3333333333335,6,0.0,1.0,0.0
dishita,2646,2,30252.0,2,0.0,1.0,0.0
dishita,2647,4,9268.5,3,0.0,0.75,0.0
dishita,2648,2,2185.5,2,0.0,1.0,0.0
dishita,2649,6,21069.5,6,0.0,1.0,0.0
dishita,2650,3,2540.6666666666665,3,0.0,1.0,0.0
dishita,2651,8,109030.875,4,0.5,0.5,1.0986122886681098
dishita,2652,1,90183.0,1,0.0,1.0,0.0
dishita,2653,1,4437.0,1,0.0,1.0,0.0
dishita,2654,10,129425.1,2,0.8,0.2,1.9183162182386966
dishita,2655,1,129780.0,1,0.0,1.0,0.0
dishita,2656,3,2372.0,3,0.0,1.0,0.0
dishita,2657,1,2225.0,1,0.0,1.0,0.0
dishita,2658,1,1182.0,1,0.0,1.0,0.0
dishita,2659,1,1105.0,1,0.0,1.0,0.0
dishita,2660,2,60281.0,1,0.5,0.5,0.5493061443340549
dishita,2661,1,1193.0,1,0.0,1.0,0.0
dishita,2662,1,2631.0,1,0.0,1.0,0.0
dishita,2663,2,45493.5,2,0.0,1.0,0.0
dishita,2664,1,9917.0,1,0.0,1.0,0.0
dishita,2665,1,24089.0,1,0.0,1.0,0.0
dishita,2666,1,977.0,1,0.0,1.0,0.0
dishita,2667,1,976.0,1,0.0,1.0,0.0
dishita,2668,1,631.0,1,0.0,1.0,0.0
dishita,2669,1,1134.0,1,0.0,1.0,0.0
dishita,2670,6,15775.833333333334,6,0.0,1.0,0.0
dishita,2671,1,4311.0,1,0.0,1.0,0.0
dishita,2672,3,2918.3333333333335,2,0.0,0.6666666666666666,0.0
dishita,2673,4,121173.75,2,0.5,0.5,0.8047189562170501
dishita,2674,7,117741.57142857143,3,0.5714285714285714,0.42857142857142855,1.1882523095313346
dishita,2675,2,49515.5,2,0.0,1.0,0.0
dishita,2676,2,1912.0,2,0.0,1.0,0.0
dishita,2677,3,76648.0,2,0.3333333333333333,0.6666666666666666,0.46209812037329684
dishita,2678,3,2994.6666666666665,3,0.0,1.0,0.0
dishita,2679,6,151530.33333333334,0,1.0,0.0,1.9459101490553132
dishita,2680,2,2361.5,2,0.0,1.0,0.0
dishita,2681,2,2134.5,2,0.0,1.0,0.0
dishita,2682,1,1728.0,1,0.0,1.0,0.0
dishita,2683,4,40632.0,3,0.25,0.75,0.40235947810852507
dishita,2684,1,3083.0,1,0.0,1.0,0.0
dishita,2685,6,123494.66666666667,2,0.6666666666666666,0.3333333333333333,1.297273432703542
dishita,2686,4,20829.25,4,0.0,1.0,0.0
dishita,2687,4,20430.0,4,0.0,1.0,0.0
dishita,2688,2,4156.0,2,0.0,1.0,0.0
dishita,2689,3,59854.333333333336,3,0.0,1.0,0.0
dishita,2690,1,1103.0,1,0.0,1.0,0.0
dishita,2691,1,1823.0,1,0.0,1.0,0.0
dishita,2692,5,100321.2,2,0.4,0.4,0.716703787691222
dishita,2693,3,11896.333333333334,3,0.0,1.0,0.0
dishita,2694,4,130338.5,2,0.5,0.5,0.8047189562170501
dishita,2695,3,68141.0,2,0.3333333333333333,0.6666666666666666,0.46209812037329684
dishita,2696,1,2089.0,1,0.0,1.0,0.0
dishita,2697,3,56465.333333333336,3,0.0,1.0,0.0
dishita,2698,6,174948.0,2,0.6666666666666666,0.3333333333333333,1.297273432703542
dishita,2699,2,7964.5,2,0.0,1.0,0.0
dishita,2700,1,169412.0,0,1.0,0.0,0.6931471805599453
dishita,2701,2,66002.0,2,0.0,1.0,0.0
dishita,2702,1,3251.0,1,0.0,1.0,0.0
dishita,2703,1,3878.0,1,0.0,1.0,0.0
dishita,2704,2,992.5,2,0.0,1.0,0.0
dishita,2705,13,148568.84615384616,4,0.6923076923076923,0.3076923076923077,1.8270396897336403
dishita,2706,11,133535.27272727274,2,0.6363636363636364,0.18181818181818182,1.5813042316832728
dishita,2707,6,110220.5,2,0.6666666666666666,0.3333333333333333,1.297273432703542
dishita,2708,7,256581.57142857142,0,1.0,0.0,2.0794415416798357
dishita,2709,7,152989.42857142858,3,0.5714285714285714,0.42857142857142855,1.1882523095313346
dishita,2710,3,130527.66666666667,1,0.6666666666666666,0.3333333333333333,0.9241962407465937
dishita,2711,7,111052.57142857143,1,0.8571428571428571,0.14285714285714285,1.782378464297002
dishita,2712,5,26289.8,5,0.0,1.0,0.0
dishita,2713,1,1942.0,1,0.0,1.0,0.0
dishita,2714,1,139228.0,1,0.0,1.0,0.0
dishita,2715,4,136440.75,0,0.75,0.0,1.2070784343255752
dishita,2716,1,193740.0,0,1.0,0.0,0.6931471805599453
dishita,2717,2,89224.5,1,0.5,0.5,0.5493061443340549
dishita,2718,2,70830.5,1,0.5,0.5,0.5493061443340549
dishita,2719,1,1730.0,1,0.0,1.0,0.0
dishita,2720,1,109364.0,1,0.0,1.0,0.0
dishita,2721,1,174783.0,0,1.0,0.0,0.6931471805599453
dishita,2722,1,63782.0,1,0.0,1.0,0.0
dishita,2723,8,83028.125,2,0.5,0.25,1.0986122886681098
dishita,2724,1,164747.0,0,1.0,0.0,0.6931471805599453
dishita,2725,2,82568.0,1,0.5,0.5,0.5493061443340549
dishita,2726,1,116630.0,0,1.0,0.0,0.6931471805599453
dishita,2727,1,138867.0,1,0.0,1.0,0.0
dishita,2728,12,105222.66666666667,3,0.75,0.25,1.9237120180961527
dishita,2729,5,38096.2,4,0.2,0.8,0.358351893845611
dishita,2730,1,2887.0,1,0.0,1.0,0.0
dishita,2731,2,11627.0,2,0.0,1.0,0.0
dishita,2732,1,175542.0,1,0.0,1.0,0.0
dishita,2733,5,36191.0,4,0.2,0.8,0.358351893845611
dishita,2734,3,96267.66666666667,3,0.0,1.0,0.0
dishita,2735,1,1645.0,1,0.0,1.0,0.0
dishita,2736,2,1403.5,2,0.0,1.0,0.0
dishita,2737,4,44457.75,3,0.25,0.75,0.40235947810852507
dishita,2738,3,254399.0,1,0.6666666666666666,0.3333333333333333,0.9241962407465937
dishita,2739,1,1048.0,1,0.0,1.0,0.0
dishita,2740,4,116288.0,3,0.25,0.75,0.40235947810852507
dishita,2741,3,99664.0,0,0.6666666666666666,0.0,0.9241962407465937
dishita,2742,1,67451.0,1,0.0,1.0,0.0
dishita,2743,3,121717.66666666667,2,0.3333333333333333,0.6666666666666666,0.46209812037329684
dishita,2744,1,1638.0,1,0.0,1.0,0.0
dishita,2745,1,1376.0,1,0.0,1.0,0.0
dishita,2746,1,1610.0,1,0.0,1.0,0.0
dishita,2747,1,2055.0,1,0.0,1.0,0.0
dishita,2748,1,1073.0,1,0.0,1.0,0.0
dishita,2749,2,103789.0,1,0.5,0.5,0.5493061443340549
dishita,2750,6,127210.66666666667,2,0.5,0.3333333333333333,0.9729550745276566
dishita,2751,1,14708.0,1,0.0,1.0,0.0
dishita,2752,1,1808.0,1,0.0,1.0,0.0
dishita,2753,1,1036.0,1,0.0,1.0,0.0
dishita,2754,1,746.0,1,0.0,1.0,0.0
dishita,2755,1,2051.0,1,0.0,1.0,0.0
dishita,2756,1,96312.0,1,0.0,1.0,0.0
dishita,2757,1,3157.0,1,0.0,1.0,0.0
dishita,2758,1,4096.0,1,0.0,1.0,0.0
dishita,2759,1,16669.0,1,0.0,1.0,0.0
dishita,2760,2,59238.5,2,0.0,1.0,0.0
dishita,2761,1,660.0,1,0.0,1.0,0.0
dishita,2762,1,767.0,1,0.0,1.0,0.0
dishita,2763,3,1421.0,3,0.0,1.0,0.0
dishita,2764,1,957.0,1,0.0,1.0,0.0
dishita,2765,1,1527.0,1,0.0,1.0,0.0
dishita,2766,2,124475.5,1,0.5,0.5,0.5493061443340549
dishita,2767,1,7673.0,1,0.0,1.0,0.0
dishita,2768,1,762.0,1,0.0,1.0,0.0
dishita,2769,1,4924.0,1,0.0,1.0,0.0
dishita,2770,2,112722.0,2,0.0,1.0,0.0
dishita,2771,3,109580.0,1,0.6666666666666666,0.3333333333333333,0.9241962407465937
dishita,2772,4,188118.5,0,1.0,0.0,1.6094379124341003
dishita,2773,3,207960.33333333334,0,1.0,0.0,1.3862943611198906
dishita,2774,7,178917.42857142858,1,0.8571428571428571,0.14285714285714285,1.782378464297002
dishita,2775,4,148516.5,1,0.75,0.25,1.2070784343255752
dishita,2776,6,193629.16666666666,1,0.8333333333333334,0.16666666666666666,1.6215917908794277
dishita,2777,4,38318.5,1,0.5,0.25,0.8047189562170501
dishita,2778,5,169277.8,2,0.6,0.4,1.0750556815368328
dishita,2779,7,138785.0,3,0.5714285714285714,0.42857142857142855,1.1882523095313346
dishita,2780,6,81690.33333333333,3,0.5,0.5,0.9729550745276566
dishita,2781,7,153545.7142857143,3,0.5714285714285714,0.42857142857142855,1.1882523095313346
dishita,2782,3,133359.33333333334,1,0.6666666666666666,0.3333333333333333,0.9241962407465937
dishita,2783,2,81629.5,1,0.5,0.5,0.5493061443340549
dishita,2784,3,23530.0,2,0.3333333333333333,0.6666666666666666,0.46209812037329684
dishita,2785,6,101836.83333333333,1,0.6666666666666666,0.16666666666666666,1.297273432703542
dishita,2786,1,27821.0,0,0.0,0.0,0.0
dishita,2787,1,60765.0,0,1.0,0.0,0.6931471805599453
dishita,2788,1,12431.0,1,0.0,1.0,0.0
dishita,2789,4,48421.25,3,0.25,0.75,0.40235947810852507
dishita,2790,3,80953.33333333333,1,0.6666666666666666,0.3333333333333333,0.9241962407465937
dishita,2791,3,35202.0,3,0.0,1.0,0.0
dishita,2792,2,80018.0,1,0.5,0.5,0.5493061443340549
dishita,2793,3,102579.66666666667,0,1.0,0.0,1.3862943611198906
dishita,2794,1,185660.0,0,1.0,0.0,0.6931471805599453
dishita,2795,5,136262.0,1,0.8,0.2,1.433407575382444
dishita,2796,4,29959.25,2,0.5,0.5,0.8047189562170501
dishita,2797,6,171402.66666666666,0,1.0,0.0,1.9459101490553132
dishita,2798,3,50695.666666666664,1,0.6666666666666666,0.3333333333333333,0.9241962407465937
dishita,2799,2,179043.0,0,1.0,0.0,1.0986122886681098
dishita,2800,2,161840.0,0,1.0,0.0,1.0986122886681098
dishita,2801,2,97357.0,1,0.5,0.5,0.5493061443340549
dishita,2802,2,3950.0,2,0.0,1.0,0.0
dishita,2803,2,174947.0,0,1.0,0.0,1.0986122886681098
dishita,2804,1,104828.0,0,1.0,0.0,0.6931471805599453
dishita,2805,4,63054.0,3,0.25,0.75,0.40235947810852507
dishita,2806,4,112227.75,1,0.75,0.25,1.2070784343255752
dishita,2807,2,44536.0,2,0.0,1.0,0.0
dishita,2808,4,28935.75,4,0.0,1.0,0.0
dishita,2809,2,136727.0,0,0.5,0.0,0.5493061443340549
dishita,2810,2,67166.5,2,0.0,1.0,0.0
dishita,2811,4,22870.25,4,0.0,1.0,0.0
dishita,2812,3,1730.3333333333333,3,0.0,1.0,0.0
dishita,2813,2,1483.0,2,0.0,1.0,0.0
dishita,2814,1,3019.0,1,0.0,1.0,0.0
dishita,2815,3,45592.666666666664,1,0.3333333333333333,0.3333333333333333,0.46209812037329684
dishita,2816,1,152000.0,0,1.0,0.0,0.6931471805599453
dishita,2817,1,167000.0,0,1.0,0.0,0.6931471805599453
dishita,2818,1,322132.0,1,0.0,1.0,0.0
dishita,2819,2,2046.0,2,0.0,1.0,0.0
dishita,2820,4,48867.5,3,0.25,0.75,0.40235947810852507
dishita,2821,2,7115.5,2,0.0,1.0,0.0
dishita,2822,3,67005.0,3,0.0,1.0,0.0
dishita,2823,4,157140.25,1,0.75,0.25,1.2070784343255752
dishita,2824,1,11666.0,1,0.0,1.0,0.0
dishita,2825,2,94189.0,1,0.5,0.5,0.5493061443340549
dishita,2826,1,3845.0,1,0.0,1.0,0.0
dishita,2827,1,63597.0,1,0.0,1.0,0.0
dishita,2828,2,183791.0,0,1.0,0.0,1.0986122886681098
dishita,2829,1,176905.0,0,1.0,0.0,0.6931471805599453
dishita,2830,1,231083.0,0,1.0,0.0,0.6931471805599453
dishita,2831,1,191649.0,0,1.0,0.0,0.6931471805599453
dishita,2832,1,227877.0,0,1.0,0.0,0.6931471805599453
dishita,2833,1,187025.0,0,1.0,0.0,0.6931471805599453
dishita,2834,1,170215.0,0,1.0,0.0,0.6931471805599453
dishita,2835,1,144962.0,0,1.0,0.0,0.6931471805599453
dishita,2836,1,197104.0,0,1.0,0.0,0.6931471805599453
dishita,2837,1,214635.0,0,1.0,0.0,0.6931471805599453
dishita,2838,1,184658.0,0,1.0,0.0,0.6931471805599453
dishita,2839,1,178023.0,0,1.0,0.0,0.6931471805599453
dishita,2840,1,219548.0,0,1.0,0.0,0.6931471805599453
dishita,2841,1,99168.0,1,0.0,1.0,0.0
dishita,2842,1,2274.0,1,0.0,1.0,0.0
dishita,2843,1,3063.0,1,0.0,1.0,0.0
dishita,2844,1,6771.0,1,0.0,1.0,0.0
dishita,2845,1,179798.0,0,1.0,0.0,0.6931471805599453
dishita,2846,1,153735.0,0,1.0,0.0,0.6931471805599453
dishita,2847,1,151944.0,0,1.0,0.0,0.6931471805599453
dishita,2848,1,187680.0,0,1.0,0.0,0.6931471805599453
dishita,2849,1,194084.0,0,1.0,0.0,0.6931471805599453
dishita,2850,1,154774.0,0,1.0,0.0,0.6931471805599453
dishita,2851,1,89452.0,1,0.0,1.0,0.0
dishita,2852,1,1757.0,1,0.0,1.0,0.0
dishita,2853,1,201480.0,0,1.0,0.0,0.6931471805599453
dishita,2854,1,180802.0,0,1.0,0.0,0.6931471805599453
dishita,2855,1,34190.0,1,0.0,1.0,0.0
dishita,2856,1,174777.0,0,1.0,0.0,0.6931471805599453
dishita,2857,1,214253.0,0,1.0,0.0,0.6931471805599453
dishita,2858,1,132444.0,0,1.0,0.0,0.6931471805599453
dishita,2859,1,177862.0,0,1.0,0.0,0.6931471805599453
dishita,2860,2,130049.0,0,1.0,0.0,1.0986122886681098
dishita,2861,5,132617.2,0,0.8,0.0,1.433407575382444
dishita,2862,2,108336.0,1,0.0,0.5,0.0
dishita,2863,1,270928.0,0,1.0,0.0,0.6931471805599453
dishita,2864,1,198883.0,0,1.0,0.0,0.6931471805599453
dishita,2865,1,30747.0,1,0.0,1.0,0.0
dishita,2866,1,198342.0,0,1.0,0.0,0.6931471805599453
dishita,2867,1,143896.0,0,1.0,0.0,0.6931471805599453
dishita,2868,1,142852.0,0,1.0,0.0,0.6931471805599453
dishita,2869,1,202889.0,0,1.0,0.0,0.6931471805599453
dishita,2870,1,166215.0,0,1.0,0.0,0.6931471805599453
dishita,2871,1,172852.0,0,1.0,0.0,0.6931471805599453
dishita,2872,2,103147.5,1,0.5,0.5,0.5493061443340549
dishita,2873,1,69509.0,1,0.0,1.0,0.0
dishita,2874,3,32590.333333333332,2,0.3333333333333333,0.6666666666666666,0.46209812037329684
dishita,2875,1,3198.0,1,0.0,1.0,0.0
dishita,2876,1,1679.0,1,0.0,1.0,0.0
dishita,2877,1,0.0,1,0.0,1.0,0.0
dishita,2878,1,0.0,1,0.0,1.0,0.0
dishita,2879,1,489.0,1,0.0,1.0,0.0
dishita,2880,1,0.0,1,0.0,1.0,0.0
dishita,2881,1,0.0,1,0.0,1.0,0.0
dishita,2882,2,31690.0,2,0.0,1.0,0.0
dishita,2883,4,30270.75,2,0.5,0.5,0.8047189562170501
dishita,2884,4,70500.5,4,0.0,1.0,0.0
dishita,2885,1,2799.0,1,0.0,1.0,0.0
dishita,2886,4,53907.5,3,0.25,0.75,0.40235947810852507
dishita,2887,2,103515.0,1,0.5,0.5,0.5493061443340549
dishita,2888,1,4604.0,1,0.0,1.0,0.0
dishita,2889,1,188727.0,0,1.0,0.0,0.6931471805599453
dishita,2890,1,59836.0,1,0.0,1.0,0.0
dishita,2891,1,1954.0,1,0.0,1.0,0.0
dishita,2892,1,12013.0,1,0.0,1.0,0.0
dishita,2893,4,47136.25,3,0.25,0.75,0.40235947810852507
dishita,2894,5,30466.8,3,0.2,0.6,0.358351893845611
dishita,2895,1,519.0,1,0.0,1.0,0.0
dishita,2896,3,87263.33333333333,2,0.3333333333333333,0.6666666666666666,0.46209812037329684
dishita,2897,4,58279.0,3,0.25,0.75,0.40235947810852507
dishita,2898,1,58928.0,1,0.0,1.0,0.0
dishita,2899,2,2421.0,2,0.0,1.0,0.0
dishita,2900,1,2588.0,1,0.0,1.0,0.0
dishita,2901,1,66294.0,1,0.0,1.0,0.0
dishita,2902,4,89668.25,2,0.5,0.5,0.8047189562170501
dishita,2903,1,23688.0,1,0.0,1.0,0.0
dishita,2904,1,199506.0,0,1.0,0.0,0.6931471805599453
dishita,2905,1,38481.0,1,0.0,1.0,0.0
dishita,2906,1,61700.0,1,0.0,1.0,0.0
dishita,2907,1,1859.0,1,0.0,1.0,0.0
dishita,2908,1,1886.0,1,0.0,1.0,0.0
dishita,2909,2,186181.0,0,1.0,0.0,1.0986122886681098
dishita,2910,1,7148.0,1,0.0,1.0,0.0
dishita,2911,1,1089.0,1,0.0,1.0,0.0
dishita,2912,1,777.0,1,0.0,1.0,0.0
dishita,2913,3,26309.0,3,0.0,1.0,0.0
dishita,2914,1,748.0,1,0.0,1.0,0.0
dishita,2915,4,80537.75,3,0.25,0.75,0.40235947810852507
dishita,2916,1,806.0,1,0.0,1.0,0.0
dishita,2917,1,942.0,1,0.0,1.0,0.0
dishita,2918,2,203219.5,0,1.0,0.0,1.0986122886681098
dishita,2919,2,119220.0,1,0.5,0.5,0.5493061443340549
dishita,2920,1,177900.0,0,1.0,0.0,0.6931471805599453
dishita,2921,3,83205.33333333333,2,0.3333333333333333,0.6666666666666666,0.46209812037329684
dishita,2922,1,120569.0,1,0.0,1.0,0.0
dishita,2923,2,81143.0,1,0.5,0.5,0.5493061443340549
dishita,2924,2,215267.5,0,1.0,0.0,1.0986122886681098
dishita,2925,1,7483.0,1,0.0,1.0,0.0
dishita,2926,2,83433.0,1,0.5,0.5,0.5493061443340549
dishita,2927,1,207200.0,0,1.0,0.0,0.6931471805599453
dishita,2928,1,136393.0,0,1.0,0.0,0.6931471805599453
dishita,2929,2,128697.0,1,0.5,0.5,0.5493061443340549
dishita,2930,1,194021.0,0,1.0,0.0,0.6931471805599453
dishita,2931,3,81953.33333333333,1,0.6666666666666666,0.3333333333333333,0.9241962407465937
dishita,2932,1,223257.0,0,1.0,0.0,0.6931471805599453
dishita,2933,3,104218.33333333333,0,1.0,0.0,1.3862943611198906
dishita,2934,3,55540.666666666664,2,0.3333333333333333,0.6666666666666666,0.46209812037329684
dishita,2935,1,6541.0,1,0.0,1.0,0.0
dishita,2936,2,95145.5,1,0.5,0.5,0.5493061443340549
dishita,2937,1,2977.0,1,0.0,1.0,0.0
dishita,2938,1,1681.0,1,0.0,1.0,0.0
dishita,2939,1,2091.0,1,0.0,1.0,0.0
dishita,2940,1,1820.0,1,0.0,1.0,0.0
dishita,2941,1,2022.0,1,0.0,1.0,0.0
dishita,2942,1,2006.0,1,0.0,1.0,0.0
dishita,2943,1,2170.0,1,0.0,1.0,0.0
dishita,2944,1,48313.0,1,0.0,1.0,0.0
dishita,2945,1,156920.0,0,1.0,0.0,0.6931471805599453
dishita,2946,4,67130.5,4,0.0,1.0,0.0
dishita,2947,3,1608.6666666666667,3,0.0,1.0,0.0
dishita,2948,2,3147.0,2,0.0,1.0,0.0
dishita,2949,1,1710.0,1,0.0,1.0,0.0
dishita,2950,3,1204.0,3,0.0,1.0,0.0
dishita,2951,1,1494.0,1,0.0,1.0,0.0
dishita,2952,3,87915.0,2,0.3333333333333333,0.6666666666666666,0.46209812037329684
dishita,2953,1,1549.0,1,0.0,1.0,0.0
dishita,2954,2,2153.5,2,0.0,1.0,0.0
dishita,2955,4,3842.0,4,0.0,1.0,0.0
dishita,2956,4,119178.75,1,0.5,0.25,0.8047189562170501
dishita,2957,1,698.0,1,0.0,1.0,0.0
dishita,2958,4,50292.75,2,0.5,0.5,0.8047189562170501
dishita,2959,1,17384.0,1,0.0,1.0,0.0
dishita,2960,1,141798.0,1,0.0,1.0,0.0
dishita,2961,2,54008.5,2,0.0,1.0,0.0
dishita,2962,2,160136.0,0,1.0,0.0,1.0986122886681098
dishita,2963,1,120901.0,1,0.0,1.0,0.0
dishita,2964,9,59251.77777777778,7,0.2222222222222222,0.7777777777777778,0.511685576220899
dishita,2965,1,127853.0,0,1.0,0.0,0.6931471805599453
dishita,2966,6,82736.66666666667,0,1.0,0.0,1.9459101490553132
dishita,2967,2,74605.0,2,0.0,1.0,0.0
dishita,2968,6,98699.83333333333,1,0.6666666666666666,0.16666666666666666,1.297273432703542
dishita,2969,1,599.0,1,0.0,1.0,0.0
dishita,2970,4,162083.0,2,0.5,0.5,0.8047189562170501
dishita,2971,4,45303.75,1,0.75,0.25,1.2070784343255752
dishita,2972,2,215874.0,0,1.0,0.0,1.0986122886681098
dishita,2973,3,53800.0,2,0.3333333333333333,0.6666666666666666,0.46209812037329684
dishita,2974,5,94673.8,2,0.6,0.4,1.0750556815368328
dishita,2975,2,194657.5,1,0.5,0.5,0.5493061443340549
dishita,2976,3,219834.33333333334,1,0.6666666666666666,0.3333333333333333,0.9241962407465937
dishita,2977,2,2968.0,2,0.0,1.0,0.0
dishita,2978,2,46541.0,1,0.5,0.5,0.5493061443340549
dishita,2979,1,2217.0,1,0.0,1.0,0.0
dishita,2980,2,17811.0,2,0.0,1.0,0.0
dishita,2981,3,59743.0,3,0.0,1.0,0.0
dishita,2982,1,172107.0,0,1.0,0.0,0.6931471805599453
dishita,2983,1,52697.0,1,0.0,1.0,0.0
dishita,2984,2,13010.5,2,0.0,1.0,0.0
dishita,2985,1,179999.0,0,1.0,0.0,0.6931471805599453
dishita,2986,1,292.0,0,0.0,0.0,0.0
dishita,2987,5,16594.4,5,0.0,1.0,0.0
dishita,2988,1,4041.0,1,0.0,1.0,0.0
dishita,2989,3,2982.0,3,0.0,1.0,0.0
dishita,2990,2,1737.5,2,0.0,1.0,0.0
dishita,2991,1,5585.0,1,0.0,1.0,0.0
dishita,2992,4,113321.25,4,0.0,1.0,0.0
dishita,2993,4,104938.25,3,0.25,0.75,0.40235947810852507
dishita,2994,1,182453.0,0,1.0,0.0,0.6931471805599453
dishita,2995,4,1712.75,4,0.0,1.0,0.0
dishita,2996,2,2692.0,2,0.0,1.0,0.0
dishita,2997,2,7816.0,2,0.0,1.0,0.0
dishita,2998,2,2914.5,2,0.0,1.0,0.0
dishita,2999,1,173177.0,0,1.0,0.0,0.6931471805599453
dishita,3000,1,164747.0,0,1.0,0.0,0.6931471805599453
dishita,3001,2,69191.0,1,0.5,0.5,0.5493061443340549
dishita,3002,1,10778.0,1,0.0,1.0,0.0
dishita,3003,2,62145.0,1,0.5,0.5,0.5493061443340549
dishita,3004,1,4494.0,1,0.0,1.0,0.0
dishita,3005,1,5612.0,1,0.0,1.0,0.0
dishita,3006,1,2433.0,1,0.0,1.0,0.0
dishita,3007,2,116317.0,1,0.5,0.5,0.5493061443340549
dishita,3008,1,784.0,1,0.0,1.0,0.0
dishita,3009,1,3709.0,1,0.0,1.0,0.0
dishita,3010,1,3200.0,1,0.0,1.0,0.0
dishita,3011,1,141771.0,0,1.0,0.0,0.6931471805599453
dishita,3012,1,235785.0,0,1.0,0.0,0.6931471805599453
dishita,3013,1,150422.0,0,1.0,0.0,0.6931471805599453
dishita,3014,1,188260.0,0,1.0,0.0,0.6931471805599453
dishita,3015,1,93972.0,0,1.0,0.0,0.6931471805599453
dishita,3016,2,151705.0,1,0.5,0.5,0.5493061443340549
dishita,3017,1,2876.0,1,0.0,1.0,0.0
dishita,3018,1,1961.0,1,0.0,1.0,0.0
dishita,3019,2,170996.5,0,1.0,0.0,1.0986122886681098
dishita,3020,2,28504.0,1,0.5,0.5,0.5493061443340549
dishita,3021,1,1163.0,1,0.0,1.0,0.0
dishita,3022,1,11124.0,1,0.0,1.0,0.0
dishita,3023,1,14471.0,1,0.0,1.0,0.0
dishita,3024,1,213531.0,0,1.0,0.0,0.6931471805599453
dishita,3025,1,175153.0,0,1.0,0.0,0.6931471805599453
dishita,3026,1,225459.0,0,1.0,0.0,0.6931471805599453
dishita,3027,1,159656.0,0,1.0,0.0,0.6931471805599453
dishita,3028,1,239165.0,0,1.0,0.0,0.6931471805599453
dishita,3029,1,190744.0,0,1.0,0.0,0.6931471805599453
dishita,3030,1,141281.0,0,1.0,0.0,0.6931471805599453
dishita,3031,1,83584.0,1,0.0,1.0,0.0
dishita,3032,1,993.0,1,0.0,1.0,0.0
dishita,3033,1,2053.0,1,0.0,1.0,0.0
dishita,3034,1,2824.0,1,0.0,1.0,0.0
dishita,3035,1,717.0,1,0.0,1.0,0.0
dishita,3036,1,1255.0,1,0.0,1.0,0.0
dishita,3037,1,3113.0,1,0.0,1.0,0.0
dishita,3038,1,1234.0,1,0.0,1.0,0.0
dishita,3039,1,222816.0,0,1.0,0.0,0.6931471805599453
dishita,3040,1,257145.0,0,1.0,0.0,0.6931471805599453
dishita,3041,1,156372.0,0,1.0,0.0,0.6931471805599453
dishita,3042,1,197031.0,0,1.0,0.0,0.6931471805599453
dishita,3043,1,44327.0,1,0.0,1.0,0.0
dishita,3044,1,184337.0,0,1.0,0.0,0.6931471805599453
dishita,3045,1,199346.0,0,1.0,0.0,0.6931471805599453
dishita,3046,1,137771.0,0,1.0,0.0,0.6931471805599453
dishita,3047,1,177285.0,0,1.0,0.0,0.6931471805599453
dishita,3048,1,211627.0,0,1.0,0.0,0.6931471805599453
dishita,3049,1,273978.0,0,1.0,0.0,0.6931471805599453
dishita,3050,1,192855.0,0,1.0,0.0,0.6931471805599453
dishita,3051,1,147735.0,0,1.0,0.0,0.6931471805599453
dishita,3052,1,144141.0,0,1.0,0.0,0.6931471805599453
dishita,3053,1,183995.0,0,1.0,0.0,0.6931471805599453
dishita,3054,1,132759.0,0,1.0,0.0,0.6931471805599453
dishita,3055,1,198611.0,0,1.0,0.0,0.6931471805599453
dishita,3056,1,213211.0,0,1.0,0.0,0.6931471805599453
dishita,3057,1,188821.0,0,1.0,0.0,0.6931471805599453
dishita,3058,3,60542.333333333336,2,0.0,0.6666666666666666,0.0
dishita,3059,4,4416.5,3,0.0,0.75,0.0
dishita,3060,1,0.0,1,0.0,1.0,0.0
dishita,3061,1,0.0,1,0.0,1.0,0.0
dishita,3062,2,97605.5,1,0.5,0.5,0.5493061443340549
dishita,3063,3,51222.0,2,0.3333333333333333,0.6666666666666666,0.46209812037329684
dishita,3064,2,964.5,2,0.0,1.0,0.0
dishita,3065,1,768.0,1,0.0,1.0,0.0
dishita,3066,1,73931.0,1,0.0,1.0,0.0
dishita,3067,1,34939.0,1,0.0,1.0,0.0
dishita,3068,1,147034.0,1,0.0,1.0,0.0
dishita,3069,1,1806.0,1,0.0,1.0,0.0
dishita,3070,1,10786.0,1,0.0,1.0,0.0
dishita,3071,1,1907.0,1,0.0,1.0,0.0
dishita,3072,1,93255.0,1,0.0,1.0,0.0
dishita,3073,1,158206.0,0,1.0,0.0,0.6931471805599453
dishita,3074,1,175667.0,0,1.0,0.0,0.6931471805599453
dishita,3075,1,176391.0,0,1.0,0.0,0.6931471805599453
dishita,3076,1,11818.0,1,0.0,1.0,0.0
dishita,3077,3,73388.33333333333,0,0.6666666666666666,0.0,0.9241962407465937
dishita,3078,1,115501.0,0,1.0,0.0,0.6931471805599453
dishita,3079,1,10361.0,1,0.0,1.0,0.0
dishita,3080,1,205462.0,0,1.0,0.0,0.6931471805599453
dishita,3081,1,114141.0,1,0.0,1.0,0.0
dishita,3082,1,4472.0,1,0.0,1.0,0.0
dishita,3083,1,13940.0,1,0.0,1.0,0.0
dishita,3084,1,88453.0,0,1.0,0.0,0.6931471805599453
dishita,3085,1,46447.0,1,0.0,1.0,0.0
dishita,3086,1,74987.0,1,0.0,1.0,0.0
dishita,3087,1,48135.0,0,1.0,0.0,0.6931471805599453
dishita,3088,1,239309.0,0,1.0,0.0,0.6931471805599453
dishita,3089,3,11583.0,1,0.3333333333333333,0.3333333333333333,0.46209812037329684
dishita,3090,1,302440.0,0,1.0,0.0,0.6931471805599453
dishita,3091,1,341707.0,0,1.0,0.0,0.6931471805599453
dishita,3092,1,237493.0,0,1.0,0.0,0.6931471805599453
dishita,3093,2,220448.5,1,0.5,0.5,0.5493061443340549
dishita,3094,1,409000.0,0,1.0,0.0,0.6931471805599453
dishita,3095,1,112000.0,0,1.0,0.0,0.6931471805599453
dishita,3096,1,488053.0,0,1.0,0.0,0.6931471805599453
dishita,3097,1,247253.0,0,1.0,0.0,0.6931471805599453
dishita,3098,1,285960.0,0,1.0,0.0,0.6931471805599453
dishita,3099,1,252427.0,0,1.0,0.0,0.6931471805599453
dishita,3100,1,274333.0,0,1.0,0.0,0.6931471805599453
dishita,3101,1,325307.0,0,1.0,0.0,0.6931471805599453
dishita,3102,1,266307.0,0,1.0,0.0,0.6931471805599453
dishita,3103,1,254975.0,0,1.0,0.0,0.6931471805599453
dishita,3104,1,368013.0,0,1.0,0.0,0.6931471805599453
dishita,3105,1,224480.0,0,1.0,0.0,0.6931471805599453
dishita,3106,1,183570.0,0,1.0,0.0,0.6931471805599453
dishita,3107,1,196813.0,0,1.0,0.0,0.6931471805599453
dishita,3108,1,277160.0,0,1.0,0.0,0.6931471805599453
dishita,3109,1,283000.0,0,1.0,0.0,0.6931471805599453
dishita,3110,2,252667.0,0,1.0,0.0,1.0986122886681098
dishita,3111,1,214507.0,0,1.0,0.0,0.6931471805599453
dishita,3112,1,254120.0,0,1.0,0.0,0.6931471805599453
dishita,3113,1,256360.0,0,1.0,0.0,0.6931471805599453
dishita,3114,1,285427.0,0,1.0,0.0,0.6931471805599453
dishita,3115,1,125537.0,0,1.0,0.0,0.6931471805599453
dishita,3116,1,163044.0,0,1.0,0.0,0.6931471805599453
dishita,3117,1,196840.0,0,1.0,0.0,0.6931471805599453
dishita,3118,1,129960.0,0,1.0,0.0,0.6931471805599453
dishita,3119,1,36723.0,1,0.0,1.0,0.0
dishita,3120,1,172520.0,1,0.0,1.0,0.0
dishita,3121,1,148549.0,1,0.0,1.0,0.0
dishita,3122,1,0.0,1,0.0,1.0,0.0
dishita,3123,1,20551.0,1,0.0,1.0,0.0
dishita,3124,5,104264.4,2,0.4,0.4,0.716703787691222
dishita,3125,1,2026.0,1,0.0,1.0,0.0
dishita,3126,1,945.0,1,0.0,1.0,0.0
dishita,3127,1,8292.0,1,0.0,1.0,0.0
dishita,3128,3,123973.0,1,0.6666666666666666,0.3333333333333333,0.9241962407465937
dishita,3129,1,223733.0,0,1.0,0.0,0.6931471805599453
dishita,3130,1,211627.0,0,1.0,0.0,0.6931471805599453
dishita,3131,1,57154.0,1,0.0,1.0,0.0
dishita,3132,3,64200.333333333336,2,0.3333333333333333,0.6666666666666666,0.46209812037329684
dishita,3133,1,5142.0,1,0.0,1.0,0.0
dishita,3134,1,2198.0,1,0.0,1.0,0.0
dishita,3135,1,1785.0,1,0.0,1.0,0.0
dishita,3136,1,1799.0,1,0.0,1.0,0.0
dishita,3137,1,2168.0,1,0.0,1.0,0.0
dishita,3138,1,2139.0,1,0.0,1.0,0.0
dishita,3139,1,2092.0,1,0.0,1.0,0.0
dishita,3140,1,1886.0,1,0.0,1.0,0.0
dishita,3141,1,1624.0,1,0.0,1.0,0.0
dishita,3142,1,1932.0,1,0.0,1.0,0.0
dishita,3143,1,8061.0,1,0.0,1.0,0.0
dishita,3144,1,1985.0,1,0.0,1.0,0.0
dishita,3145,1,2048.0,1,0.0,1.0,0.0
dishita,3146,1,1838.0,1,0.0,1.0,0.0
dishita,3147,1,2150.0,1,0.0,1.0,0.0
dishita,3148,1,1776.0,1,0.0,1.0,0.0
dishita,3149,1,2835.0,1,0.0,1.0,0.0
dishita,3150,1,2286.0,1,0.0,1.0,0.0
dishita,3151,1,1970.0,1,0.0,1.0,0.0
dishita,3152,1,3266.0,1,0.0,1.0,0.0
dishita,3153,2,31387.0,2,0.0,1.0,0.0
dishita,3154,1,152000.0,0,1.0,0.0,0.6931471805599453
dishita,3155,1,15651.0,1,0.0,1.0,0.0
dishita,3156,1,5579.0,1,0.0,1.0,0.0
dishita,3157,1,966.0,1,0.0,1.0,0.0
dishita,3158,1,2607.0,1,0.0,1.0,0.0
dishita,3159,1,20816.0,1,0.0,1.0,0.0
dishita,3160,2,102793.0,1,0.5,0.5,0.5493061443340549
dishita,3161,1,56942.0,0,1.0,0.0,0.6931471805599453
dishita,3162,1,195274.0,0,1.0,0.0,0.6931471805599453
dishita,3163,1,317403.0,0,1.0,0.0,0.6931471805599453
dishita,3164,1,241764.0,0,1.0,0.0,0.6931471805599453
dishita,3165,4,218011.0,1,0.75,0.25,1.2070784343255752
dishita,3166,1,235179.0,0,1.0,0.0,0.6931471805599453
dishita,3167,1,309780.0,0,1.0,0.0,0.6931471805599453
dishita,3168,1,276073.0,0,1.0,0.0,0.6931471805599453
dishita,3169,2,254514.0,0,1.0,0.0,1.0986122886681098
dishita,3170,1,253214.0,0,1.0,0.0,0.6931471805599453
dishita,3171,2,123362.0,0,1.0,0.0,1.0986122886681098
dishita,3172,2,204413.0,0,1.0,0.0,1.0986122886681098
dishita,3173,2,186225.0,0,0.5,0.0,0.5493061443340549
dishita,3174,1,175535.0,0,1.0,0.0,0.6931471805599453
dishita,3175,3,87386.33333333333,0,0.6666666666666666,0.0,0.9241962407465937
dishita,3176,3,91234.66666666667,1,0.6666666666666666,0.3333333333333333,0.9241962407465937
dishita,3177,6,183467.0,0,0.8333333333333334,0.0,1.6215917908794277
dishita,3178,6,167487.0,2,0.6666666666666666,0.3333333333333333,1.297273432703542
dishita,3179,3,109110.66666666667,1,0.6666666666666666,0.3333333333333333,0.9241962407465937
dishita,3180,4,125263.5,1,0.75,0.25,1.2070784343255752
dishita,3181,2,150460.5,2,0.0,1.0,0.0
dishita,3182,1,29037.0,1,0.0,1.0,0.0
dishita,3183,1,170895.0,0,1.0,0.0,0.6931471805599453
dishita,3184,1,160090.0,0,1.0,0.0,0.6931471805599453
dishita,3185,1,48463.0,0,1.0,0.0,0.6931471805599453
dishita,3186,1,198148.0,0,1.0,0.0,0.6931471805599453
dishita,3187,1,312406.0,1,0.0,1.0,0.0
dishita,3188,2,94179.5,1,0.5,0.5,0.5493061443340549
dishita,3189,1,2588.0,1,0.0,1.0,0.0
dishita,3190,1,146221.0,1,0.0,1.0,0.0
dishita,3191,1,91288.0,1,0.0,1.0,0.0
dishita,3192,3,69315.33333333333,2,0.3333333333333333,0.6666666666666666,0.46209812037329684
dishita,3193,2,32874.5,2,0.0,1.0,0.0
dishita,3194,1,114962.0,0,1.0,0.0,0.6931471805599453
dishita,3195,3,104235.33333333333,0,1.0,0.0,1.3862943611198906
dishita,3196,2,84266.5,1,0.5,0.5,0.5493061443340549
dishita,3197,2,227724.5,0,1.0,0.0,1.0986122886681098
dishita,3198,2,139925.0,0,1.0,0.0,1.0986122886681098
dishita,3199,2,205012.5,0,1.0,0.0,1.0986122886681098
dishita,3200,1,226813.0,0,1.0,0.0,0.6931471805599453
dishita,3201,1,138953.0,0,1.0,0.0,0.6931471805599453
dishita,3202,1,199669.0,0,1.0,0.0,0.6931471805599453
dishita,3203,1,183819.0,0,1.0,0.0,0.6931471805599453
dishita,3204,1,244344.0,0,1.0,0.0,0.6931471805599453
dishita,3205,2,108790.0,1,0.5,0.5,0.5493061443340549
dishita,3206,1,175153.0,0,1.0,0.0,0.6931471805599453
dishita,3207,1,238750.0,0,1.0,0.0,0.6931471805599453
dishita,3208,1,156714.0,0,1.0,0.0,0.6931471805599453
dishita,3209,2,191528.5,1,0.5,0.5,0.5493061443340549
dishita,3210,1,101689.0,0,1.0,0.0,0.6931471805599453
dishita,3211,1,283596.0,0,1.0,0.0,0.6931471805599453
dishita,3212,1,200502.0,0,1.0,0.0,0.6931471805599453
dishita,3213,1,261435.0,0,1.0,0.0,0.6931471805599453
dishita,3214,1,245695.0,0,1.0,0.0,0.6931471805599453
dishita,3215,1,345282.0,0,1.0,0.0,0.6931471805599453
dishita,3216,1,236291.0,0,1.0,0.0,0.6931471805599453
dishita,3217,1,213757.0,0,1.0,0.0,0.6931471805599453
dishita,3218,1,222571.0,0,1.0,0.0,0.6931471805599453
dishita,3219,1,156366.0,0,1.0,0.0,0.6931471805599453
dishita,3220,1,167270.0,0,1.0,0.0,0.6931471805599453
dishita,3221,1,215907.0,0,1.0,0.0,0.6931471805599453
dishita,3222,1,225191.0,0,1.0,0.0,0.6931471805599453
dishita,3223,1,199400.0,0,1.0,0.0,0.6931471805599453
dishita,3224,1,194142.0,0,1.0,0.0,0.6931471805599453
dishita,3225,1,191709.0,0,1.0,0.0,0.6931471805599453
dishita,3226,1,152589.0,0,1.0,0.0,0.6931471805599453
dishita,3227,1,222834.0,0,1.0,0.0,0.6931471805599453
dishita,3228,1,206137.0,0,1.0,0.0,0.6931471805599453
dishita,3229,1,247572.0,0,1.0,0.0,0.6931471805599453
dishita,3230,1,194286.0,0,1.0,0.0,0.6931471805599453
dishita,3231,1,196061.0,0,1.0,0.0,0.6931471805599453
dishita,3232,1,244524.0,0,1.0,0.0,0.6931471805599453
dishita,3233,1,185002.0,0,1.0,0.0,0.6931471805599453
dishita,3234,1,239072.0,0,1.0,0.0,0.6931471805599453
dishita,3235,1,143832.0,0,1.0,0.0,0.6931471805599453
dishita,3236,1,252987.0,0,1.0,0.0,0.6931471805599453
dishita,3237,1,146258.0,0,1.0,0.0,0.6931471805599453
dishita,3238,1,14956.0,1,0.0,1.0,0.0
dishita,3239,1,342042.0,0,1.0,0.0,0.6931471805599453
dishita,3240,1,221675.0,0,1.0,0.0,0.6931471805599453
dishita,3241,1,218507.0,0,1.0,0.0,0.6931471805599453
dishita,3242,1,113143.0,0,1.0,0.0,0.6931471805599453
dishita,3243,1,40369.0,0,1.0,0.0,0.6931471805599453
dishita,3244,1,5446.0,1,0.0,1.0,0.0
dishita,3245,2,18164.5,1,0.5,0.5,0.5493061443340549
dishita,3246,1,708.0,1,0.0,1.0,0.0
dishita,3247,2,262288.5,1,0.5,0.5,0.5493061443340549
dishita,3248,1,131526.0,0,1.0,0.0,0.6931471805599453
dishita,3249,1,14759.0,0,0.0,0.0,0.0
dishita,3250,1,1817.0,1,0.0,1.0,0.0
dishita,3251,1,132375.0,0,1.0,0.0,0.6931471805599453
priyanka,60,2,5060.0,2,0.0,1.0,0.0
priyanka,64,1,2140.0,1,0.0,1.0,0.0
priyanka,65,6,36343.833333333336,5,0.16666666666666666,0.8333333333333334,0.3243183581758855
priyanka,66,2,755.0,2,0.0,1.0,0.0
priyanka,197,1,1060.0,1,0.0,1.0,0.0
priyanka,269,1,1640.0,1,0.0,1.0,0.0
priyanka,279,1,960.0,1,0.0,1.0,0.0
priyanka,341,1,800.0,1,0.0,1.0,0.0
priyanka,347,1,720.0,1,0.0,1.0,0.0
priyanka,351,3,26441.666666666668,3,0.0,1.0,0.0
priyanka,400,2,28350.0,2,0.0,1.0,0.0
priyanka,408,2,1050.0,2,0.0,1.0,0.0
priyanka,414,5,13568.0,5,0.0,1.0,0.0
priyanka,501,1,390.0,1,0.0,1.0,0.0
priyanka,521,1,46000.0,1,0.0,1.0,0.0
priyanka,528,3,1276.6666666666667,3,0.0,1.0,0.0
priyanka,637,1,54000.0,1,0.0,1.0,0.0
priyanka,642,2,765.0,2,0.0,1.0,0.0
priyanka,664,2,1155.0,2,0.0,1.0,0.0
priyanka,714,2,21660.0,2,0.0,1.0,0.0
priyanka,720,1,760.0,1,0.0,1.0,0.0
priyanka,748,2,2770.0,2,0.0,1.0,0.0
priyanka,783,1,1720.0,1,0.0,1.0,0.0
priyanka,792,1,930.0,1,0.0,1.0,0.0
priyanka,829,1,750.0,1,0.0,1.0,0.0
priyanka,859,2,2320.0,2,0.0,1.0,0.0
priyanka,878,5,7372.0,5,0.0,1.0,0.0
priyanka,908,1,29850.0,1,0.0,1.0,0.0
priyanka,944,2,87696.0,0,1.0,0.0,1.0986122886681098
priyanka,960,1,3080.0,1,0.0,1.0,0.0
priyanka,972,2,663.5,2,0.0,1.0,0.0
priyanka,975,1,2500.0,1,0.0,1.0,0.0
priyanka,987,2,520.0,2,0.0,1.0,0.0
priyanka,1020,1,1220.0,1,0.0,1.0,0.0
priyanka,1029,1,25170.0,1,0.0,1.0,0.0
priyanka,1037,1,770.0,1,0.0,1.0,0.0
priyanka,1041,1,710.0,1,0.0,1.0,0.0
priyanka,1043,1,950.0,1,0.0,1.0,0.0
priyanka,1059,1,1280.0,1,0.0,1.0,0.0
priyanka,1066,1,93310.0,1,0.0,1.0,0.0
priyanka,1099,3,353.3333333333333,3,0.0,1.0,0.0
priyanka,1123,9,15761.111111111111,9,0.0,1.0,0.0
priyanka,1124,2,2680.0,2,0.0,1.0,0.0
priyanka,1125,1,730.0,1,0.0,1.0,0.0
priyanka,1138,1,400.0,1,0.0,1.0,0.0
priyanka,1180,4,21380.0,4,0.0,1.0,0.0
priyanka,1189,3,11783.333333333334,3,0.0,1.0,0.0
priyanka,1212,1,1890.0,1,0.0,1.0,0.0
priyanka,1233,5,19802.0,5,0.0,1.0,0.0
priyanka,1249,1,170.0,1,0.0,1.0,0.0
priyanka,1276,1,2530.0,1,0.0,1.0,0.0
priyanka,1317,4,840.0,4,0.0,1.0,0.0
priyanka,1351,1,520.0,1,0.0,1.0,0.0
priyanka,1492,1,710.0,1,0.0,1.0,0.0
priyanka,1510,3,806.6666666666666,3,0.0,1.0,0.0
priyanka,1513,81,134572.0987654321,51,0.37037037037037035,0.6296296296296297,1.6321182397275011
priyanka,1514,2,815.0,2,0.0,1.0,0.0
priyanka,1528,1,820.0,1,0.0,1.0,0.0
priyanka,1584,6,65865.0,2,0.5,0.3333333333333333,0.9729550745276566
priyanka,1603,2,905.0,2,0.0,1.0,0.0
priyanka,1606,1,1710.0,1,0.0,1.0,0.0
priyanka,1609,1,300.0,1,0.0,1.0,0.0
priyanka,1627,1,620.0,1,0.0,1.0,0.0
priyanka,1628,1,1400.0,1,0.0,1.0,0.0
priyanka,1629,1,16440.0,1,0.0,1.0,0.0
priyanka,1632,1,4880.0,1,0.0,1.0,0.0
priyanka,1644,1,27890.0,1,0.0,1.0,0.0
priyanka,1655,1,980.0,1,0.0,1.0,0.0
priyanka,1664,1,3060.0,1,0.0,1.0,0.0
priyanka,1685,1,160.0,1,0.0,1.0,0.0
priyanka,1738,17,1076.4705882352941,17,0.0,1.0,0.0
priyanka,1762,2,490.0,2,0.0,1.0,0.0
priyanka,1777,6,1548.5,6,0.0,1.0,0.0
priyanka,1809,3,1363.3333333333333,3,0.0,1.0,0.0
priyanka,1812,1,910.0,1,0.0,1.0,0.0
priyanka,1814,1,3940.0,1,0.0,1.0,0.0
priyanka,1823,1,990.0,1,0.0,1.0,0.0
priyanka,1840,4,15150.0,4,0.0,1.0,0.0
priyanka,1928,1,1220.0,1,0.0,1.0,0.0
priyanka,2046,2,885.0,2,0.0,1.0,0.0
priyanka,2058,2,1265.0,2,0.0,1.0,0.0
priyanka,2094,4,3707.5,4,0.0,1.0,0.0
priyanka,2099,1,860.0,1,0.0,1.0,0.0
priyanka,2130,1,500.0,1,0.0,1.0,0.0
priyanka,2180,2,11800.0,2,0.0,1.0,0.0
priyanka,2181,2,1488.0,2,0.0,1.0,0.0
priyanka,2213,20,123448.0,16,0.2,0.8,0.6089044875446846
priyanka,2217,2,13760.0,2,0.0,1.0,0.0
priyanka,2218,2,3625.0,2,0.0,1.0,0.0
priyanka,2219,17,12894.70588235294,16,0.0,0.9411764705882353,0.0
priyanka,2235,2,51785.0,2,0.0,1.0,0.0
priyanka,2272,6,24861.666666666668,5,0.16666666666666666,0.8333333333333334,0.3243183581758855
priyanka,2273,1,900.0,1,0.0,1.0,0.0
priyanka,2306,1,570.0,1,0.0,1.0,0.0
priyanka,2309,2,1040.0,2,0.0,1.0,0.0
priyanka,2408,1,750.0,1,0.0,1.0,0.0
priyanka,2423,1,720.0,1,0.0,1.0,0.0
priyanka,2456,1,4050.0,1,0.0,1.0,0.0
priyanka,2460,1,210063.0,0,1.0,0.0,0.6931471805599453
priyanka,2477,1,46560.0,1,0.0,1.0,0.0
priyanka,2482,12,4405.833333333333,12,0.0,1.0,0.0
priyanka,2489,4,12475.0,4,0.0,1.0,0.0
priyanka,2491,1,1160.0,1,0.0,1.0,0.0
priyanka,2495,4,1817.25,4,0.0,1.0,0.0
priyanka,2513,2,525.0,2,0.0,1.0,0.0
priyanka,2527,1,1010.0,1,0.0,1.0,0.0
priyanka,2529,1,1490.0,1,0.0,1.0,0.0
priyanka,2534,1,3740.0,1,0.0,1.0,0.0
priyanka,2539,1,400.0,1,0.0,1.0,0.0
priyanka,2544,1,1259.0,1,0.0,1.0,0.0
priyanka,2563,7,3652.714285714286,7,0.0,1.0,0.0
priyanka,2575,2,2735.0,2,0.0,1.0,0.0
priyanka,2579,1,850.0,1,0.0,1.0,0.0
priyanka,2639,2,795.0,2,0.0,1.0,0.0
priyanka,2649,3,2930.0,3,0.0,1.0,0.0
priyanka,2652,1,550.0,1,0.0,1.0,0.0
priyanka,2658,4,2627.5,4,0.0,1.0,0.0
priyanka,2671,1,830.0,1,0.0,1.0,0.0
priyanka,2676,1,15800.0,1,0.0,1.0,0.0
priyanka,2679,1,580.0,1,0.0,1.0,0.0
priyanka,2684,1,450.0,1,0.0,1.0,0.0
priyanka,2690,1,770.0,1,0.0,1.0,0.0
priyanka,2692,1,260.0,1,0.0,1.0,0.0
priyanka,2695,2,540.0,2,0.0,1.0,0.0
priyanka,2707,1,768.0,1,0.0,1.0,0.0
priyanka,2726,2,1070.0,2,0.0,1.0,0.0
priyanka,2735,3,5643.333333333333,3,0.0,1.0,0.0
priyanka,2736,2,805.0,2,0.0,1.0,0.0
priyanka,2737,4,1512.5,4,0.0,1.0,0.0
priyanka,2760,1,1300.0,1,0.0,1.0,0.0
priyanka,2789,1,1100.0,1,0.0,1.0,0.0
priyanka,2800,2,325.0,2,0.0,1.0,0.0
priyanka,2802,4,1207.5,4,0.0,1.0,0.0
priyanka,2806,1,200.0,1,0.0,1.0,0.0
priyanka,2809,2,1170.0,2,0.0,1.0,0.0
priyanka,2810,1,270.0,1,0.0,1.0,0.0
priyanka,2812,1,1200.0,1,0.0,1.0,0.0
priyanka,2883,2,750.0,2,0.0,1.0,0.0
priyanka,2884,1,820.0,1,0.0,1.0,0.0
priyanka,2897,3,1910.0,3,0.0,1.0,0.0
priyanka,2903,3,51986.666666666664,3,0.0,1.0,0.0
priyanka,2906,2,15245.0,2,0.0,1.0,0.0
priyanka,2909,3,1536.6666666666667,3,0.0,1.0,0.0
priyanka,2915,1,1310.0,1,0.0,1.0,0.0
priyanka,2916,5,7322.0,5,0.0,1.0,0.0
priyanka,2919,1,24960.0,1,0.0,1.0,0.0
priyanka,2920,1,0.0,1,0.0,1.0,0.0
priyanka,2924,5,35622.2,4,0.2,0.8,0.358351893845611
priyanka,2936,1,840.0,1,0.0,1.0,0.0
priyanka,2949,4,76180.0,2,0.5,0.5,0.8047189562170501
priyanka,2983,1,670.0,1,0.0,1.0,0.0
priyanka,2986,2,2265.0,2,0.0,1.0,0.0
priyanka,2988,2,4790.0,2,0.0,1.0,0.0
priyanka,2990,1,800.0,1,0.0,1.0,0.0
priyanka,3002,2,1220.0,2,0.0,1.0,0.0
priyanka,3003,3,2260.0,3,0.0,1.0,0.0
priyanka,3008,1,3400.0,1,0.0,1.0,0.0
priyanka,3075,3,47106.666666666664,3,0.0,1.0,0.0
priyanka,3148,1,680.0,1,0.0,1.0,0.0
priyanka,3160,1,597.0,1,0.0,1.0,0.0
priyanka,3230,1,290.0,1,0.0,1.0,0.0
priyanka,3247,2,815.0,2,0.0,1.0,0.0
priyanka,3372,1,460.0,1,0.0,1.0,0.0
priyanka,3373,2,84236.0,1,0.5,0.5,0.5493061443340549
priyanka,3427,1,78640.0,1,0.0,1.0,0.0
priyanka,3445,1,1100.0,1,0.0,1.0,0.0
priyanka,3451,1,2000.0,1,0.0,1.0,0.0
priyanka,3490,1,708.0,1,0.0,1.0,0.0
priyanka,3572,1,6220.0,1,0.0,1.0,0.0
priyanka,3615,2,1160.0,2,0.0,1.0,0.0
priyanka,3648,1,760.0,1,0.0,1.0,0.0
priyanka,3662,1,790.0,1,0.0,1.0,0.0
priyanka,3676,1,530.0,1,0.0,1.0,0.0
priyanka,3678,1,660.0,1,0.0,1.0,0.0
priyanka,3730,1,128850.0,1,0.0,1.0,0.0
priyanka,3742,1,640.0,1,0.0,1.0,0.0
priyanka,3787,3,55576.666666666664,3,0.0,1.0,0.0
priyanka,3799,2,1190.0,2,0.0,1.0,0.0
priyanka,3807,1,780.0,1,0.0,1.0,0.0
priyanka,3862,1,570.0,1,0.0,1.0,0.0
priyanka,3866,2,2325.0,2,0.0,1.0,0.0
priyanka,3952,2,140340.0,2,0.0,1.0,0.0
priyanka,3977,1,1660.0,1,0.0,1.0,0.0
priyanka,4011,1,1140.0,1,0.0,1.0,0.0
priyanka,4103,5,862.0,5,0.0,1.0,0.0
priyanka,4138,1,28320.0,1,0.0,1.0,0.0
priyanka,4146,1,33980.0,1,0.0,1.0,0.0
priyanka,4184,5,29080.2,3,0.4,0.6,0.716703787691222
priyanka,4192,3,706.6666666666666,3,0.0,1.0,0.0
priyanka,4240,3,680.0,3,0.0,1.0,0.0
priyanka,4271,2,470.0,2,0.0,1.0,0.0
priyanka,4276,1,7460.0,1,0.0,1.0,0.0
priyanka,4293,1,700.0,1,0.0,1.0,0.0
priyanka,4296,11,48011.27272727273,7,0.2727272727272727,0.6363636363636364,0.6777018135785455
priyanka,4354,1,8120.0,1,0.0,1.0,0.0
priyanka,4379,1,2100.0,1,0.0,1.0,0.0
priyanka,4385,2,7305.0,2,0.0,1.0,0.0
priyanka,4387,1,260.0,1,0.0,1.0,0.0
priyanka,4394,1,82361.0,0,1.0,0.0,0.6931471805599453
priyanka,4423,2,17145.0,2,0.0,1.0,0.0
priyanka,4424,1,102640.0,1,0.0,1.0,0.0
priyanka,4426,2,520.0,2,0.0,1.0,0.0
priyanka,4432,1,1070.0,1,0.0,1.0,0.0
priyanka,4433,3,84803.33333333333,3,0.0,1.0,0.0
priyanka,4434,2,1790.0,2,0.0,1.0,0.0
priyanka,4435,1,340.0,1,0.0,1.0,0.0
priyanka,4438,6,1195.0,6,0.0,1.0,0.0
priyanka,4441,1,890.0,1,0.0,1.0,0.0
priyanka,4442,1,4590.0,1,0.0,1.0,0.0
priyanka,4444,3,9040.0,3,0.0,1.0,0.0
priyanka,4460,4,14732.5,4,0.0,1.0,0.0
priyanka,4468,1,19221.0,1,0.0,1.0,0.0
priyanka,4499,1,1515.0,1,0.0,1.0,0.0
priyanka,4501,1,600.0,1,0.0,1.0,0.0
priyanka,4530,2,32318.5,2,0.0,1.0,0.0
priyanka,4609,1,660.0,1,0.0,1.0,0.0
priyanka,4614,2,625.0,2,0.0,1.0,0.0
priyanka,4652,1,640.0,1,0.0,1.0,0.0
priyanka,4654,1,1020.0,1,0.0,1.0,0.0
priyanka,4656,4,37962.5,3,0.25,0.75,0.40235947810852507
priyanka,4661,2,3445.0,2,0.0,1.0,0.0
priyanka,4663,1,700.0,1,0.0,1.0,0.0
priyanka,4665,1,1830.0,1,0.0,1.0,0.0
priyanka,4666,1,610.0,1,0.0,1.0,0.0
priyanka,4697,1,530.0,1,0.0,1.0,0.0
priyanka,4723,6,10272.5,6,0.0,1.0,0.0
priyanka,4727,1,810.0,1,0.0,1.0,0.0
priyanka,4728,1,2030.0,1,0.0,1.0,0.0
priyanka,4782,4,77557.75,2,0.5,0.5,0.8047189562170501
priyanka,4838,6,46070.0,5,0.16666666666666666,0.8333333333333334,0.3243183581758855
priyanka,4850,1,110900.0,1,0.0,1.0,0.0
priyanka,4862,3,716.3333333333334,3,0.0,1.0,0.0
priyanka,4868,1,940.0,1,0.0,1.0,0.0
priyanka,4889,1,1670.0,1,0.0,1.0,0.0
priyanka,4916,1,970.0,1,0.0,1.0,0.0
priyanka,4931,1,980.0,1,0.0,1.0,0.0
priyanka,4940,1,5190.0,1,0.0,1.0,0.0
priyanka,4941,3,2043.3333333333333,3,0.0,1.0,0.0
priyanka,4945,1,770.0,1,0.0,1.0,0.0
priyanka,4947,2,375.0,2,0.0,1.0,0.0
priyanka,4950,3,4890.0,3,0.0,1.0,0.0
priyanka,4951,3,1900.0,3,0.0,1.0,0.0
priyanka,4955,2,1440.0,2,0.0,1.0,0.0
priyanka,4982,1,1450.0,1,0.0,1.0,0.0
priyanka,5003,2,7450.0,2,0.0,1.0,0.0
priyanka,5042,1,1010.0,1,0.0,1.0,0.0
priyanka,5239,2,1965.0,2,0.0,1.0,0.0
priyanka,5242,3,796.6666666666666,3,0.0,1.0,0.0
priyanka,5244,2,605.0,2,0.0,1.0,0.0
priyanka,5245,1,330.0,1,0.0,1.0,0.0
priyanka,5253,1,1420.0,1,0.0,1.0,0.0
priyanka,5258,1,2490.0,1,0.0,1.0,0.0
priyanka,5294,1,730.0,1,0.0,1.0,0.0
priyanka,5304,42,158895.0,9,0.7380952380952381,0.21428571428571427,2.7761238949166773
priyanka,5325,1,144120.0,1,0.0,1.0,0.0
priyanka,5331,1,340.0,1,0.0,1.0,0.0
priyanka,5333,2,870.0,2,0.0,1.0,0.0
priyanka,5351,2,1675.0,2,0.0,1.0,0.0
priyanka,5361,1,2800.0,1,0.0,1.0,0.0
priyanka,5369,1,1620.0,1,0.0,1.0,0.0
priyanka,5376,1,26290.0,1,0.0,1.0,0.0
priyanka,5404,2,89315.0,2,0.0,1.0,0.0
priyanka,5405,1,3870.0,1,0.0,1.0,0.0
priyanka,5450,2,1925.0,2,0.0,1.0,0.0
priyanka,5458,2,2870.0,2,0.0,1.0,0.0
priyanka,5461,1,360.0,1,0.0,1.0,0.0
priyanka,5489,3,35913.333333333336,3,0.0,1.0,0.0
priyanka,5553,1,5010.0,1,0.0,1.0,0.0
priyanka,5567,1,650.0,1,0.0,1.0,0.0
priyanka,5570,1,790.0,1,0.0,1.0,0.0
priyanka,5575,1,480.0,1,0.0,1.0,0.0
priyanka,5582,1,620.0,1,0.0,1.0,0.0
priyanka,5588,2,15815.0,2,0.0,1.0,0.0
priyanka,5636,1,142202.0,0,1.0,0.0,0.6931471805599453
priyanka,5653,1,390.0,1,0.0,1.0,0.0
priyanka,5655,1,560.0,1,0.0,1.0,0.0
priyanka,5694,1,1260.0,1,0.0,1.0,0.0
priyanka,5719,1,390.0,1,0.0,1.0,0.0
priyanka,5723,3,570.0,3,0.0,1.0,0.0
priyanka,5742,2,860.0,2,0.0,1.0,0.0
priyanka,5750,1,1180.0,1,0.0,1.0,0.0
priyanka,5755,1,790.0,1,0.0,1.0,0.0
priyanka,5768,3,673.3333333333334,3,0.0,1.0,0.0
priyanka,5770,2,13295.0,2,0.0,1.0,0.0
priyanka,5780,1,19650.0,1,0.0,1.0,0.0
priyanka,5785,1,110.0,1,0.0,1.0,0.0
priyanka,5789,1,11050.0,1,0.0,1.0,0.0
priyanka,5846,2,1520.0,2,0.0,1.0,0.0
priyanka,5852,3,3366.6666666666665,3,0.0,1.0,0.0
priyanka,5860,2,1060.0,2,0.0,1.0,0.0
priyanka,5879,2,13580.0,2,0.0,1.0,0.0
priyanka,5897,1,2270.0,1,0.0,1.0,0.0
priyanka,5898,1,7450.0,1,0.0,1.0,0.0
priyanka,5919,1,72680.0,1,0.0,1.0,0.0
priyanka,5923,4,12432.5,4,0.0,1.0,0.0
priyanka,5924,2,20230.0,2,0.0,1.0,0.0
priyanka,5925,5,1038.0,5,0.0,1.0,0.0
priyanka,5926,47,13769.595744680852,43,0.0851063829787234,0.9148936170212766,0.0
priyanka,5927,20,1750.5,20,0.0,1.0,0.0
priyanka,5928,28,3590.3571428571427,28,0.0,1.0,0.0
priyanka,5929,3,870.0,3,0.0,1.0,0.0
priyanka,5930,2,1115.0,2,0.0,1.0,0.0
priyanka,5931,1,230.0,1,0.0,1.0,0.0
priyanka,5932,9,6394.444444444444,8,0.0,0.8888888888888888,0.0
priyanka,5933,2,570.0,2,0.0,1.0,0.0
priyanka,5934,51,13268.43137254902,49,0.0196078431372549,0.9607843137254902,0.0
priyanka,5935,2,1010.0,2,0.0,1.0,0.0
priyanka,5936,1,720.0,1,0.0,1.0,0.0
priyanka,5937,2,805.0,2,0.0,1.0,0.0
priyanka,5938,1,710.0,1,0.0,1.0,0.0
priyanka,5939,1,730.0,1,0.0,1.0,0.0
priyanka,5940,3,6206.666666666667,3,0.0,1.0,0.0
priyanka,5941,2,2860.0,2,0.0,1.0,0.0
priyanka,5942,7,11842.857142857143,7,0.0,1.0,0.0
priyanka,5943,9,85247.77777777778,6,0.3333333333333333,0.6666666666666666,0.7675283643313486
priyanka,5944,2,5838.5,2,0.0,1.0,0.0
priyanka,5945,4,1142.5,4,0.0,1.0,0.0
priyanka,5946,3,853.3333333333334,3,0.0,1.0,0.0
priyanka,5947,4,4372.5,4,0.0,1.0,0.0
priyanka,5948,4,10702.5,4,0.0,1.0,0.0
priyanka,5949,1,2150.0,1,0.0,1.0,0.0
priyanka,5950,5,39830.2,4,0.2,0.8,0.358351893845611
priyanka,5951,2,11462.5,2,0.0,1.0,0.0
priyanka,5952,1,930.0,1,0.0,1.0,0.0
priyanka,5953,2,460.0,2,0.0,1.0,0.0
priyanka,5954,1,650.0,1,0.0,1.0,0.0
priyanka,5955,2,1150.0,2,0.0,1.0,0.0
priyanka,5956,1,1160.0,1,0.0,1.0,0.0
priyanka,5957,3,3650.0,3,0.0,1.0,0.0
priyanka,5958,6,13710.0,6,0.0,1.0,0.0
priyanka,5959,4,26710.0,4,0.0,1.0,0.0
priyanka,5960,2,35325.0,2,0.0,1.0,0.0
priyanka,5961,4,1497.5,4,0.0,1.0,0.0
priyanka,5962,1,670.0,1,0.0,1.0,0.0
priyanka,5963,2,20495.0,2,0.0,1.0,0.0
priyanka,5964,4,9650.0,4,0.0,1.0,0.0
priyanka,5965,2,975.0,2,0.0,1.0,0.0
priyanka,5966,2,285.0,2,0.0,1.0,0.0
priyanka,5967,1,610.0,1,0.0,1.0,0.0
priyanka,5968,1,790.0,1,0.0,1.0,0.0
priyanka,5969,3,32150.0,3,0.0,1.0,0.0
priyanka,5970,1,800.0,1,0.0,1.0,0.0
priyanka,5971,3,31163.333333333332,3,0.0,1.0,0.0
priyanka,5972,5,27796.0,5,0.0,1.0,0.0
priyanka,5973,4,3132.25,4,0.0,1.0,0.0
priyanka,5974,3,18093.333333333332,3,0.0,1.0,0.0
priyanka,5975,1,38800.0,1,0.0,1.0,0.0
priyanka,5976,1,4590.0,1,0.0,1.0,0.0
priyanka,5977,2,8605.0,1,0.0,0.5,0.0
priyanka,5978,6,21983.333333333332,6,0.0,1.0,0.0
priyanka,5979,5,754.0,5,0.0,1.0,0.0
priyanka,5980,5,32218.0,5,0.0,1.0,0.0
priyanka,5981,9,42433.333333333336,9,0.0,1.0,0.0
priyanka,5982,8,22941.25,8,0.0,1.0,0.0
priyanka,5983,1,830.0,1,0.0,1.0,0.0
priyanka,5984,1,1530.0,1,0.0,1.0,0.0
priyanka,5985,1,2300.0,1,0.0,1.0,0.0
priyanka,5986,2,1345.0,2,0.0,1.0,0.0
priyanka,5987,1,490.0,1,0.0,1.0,0.0
priyanka,5988,3,1323.3333333333333,3,0.0,1.0,0.0
priyanka,5989,2,430.0,2,0.0,1.0,0.0
priyanka,5990,5,1158.0,5,0.0,1.0,0.0
priyanka,5991,6,13935.0,6,0.0,1.0,0.0
priyanka,5992,5,2716.0,5,0.0,1.0,0.0
priyanka,5993,2,590.0,2,0.0,1.0,0.0
priyanka,5994,2,825.0,2,0.0,1.0,0.0
priyanka,5995,9,5191.111111111111,9,0.0,1.0,0.0
priyanka,5996,2,705.0,2,0.0,1.0,0.0
priyanka,5997,1,3350.0,1,0.0,1.0,0.0
priyanka,5998,5,30444.0,5,0.0,1.0,0.0
priyanka,5999,6,11251.666666666666,6,0.0,1.0,0.0
priyanka,6000,4,1762.5,4,0.0,1.0,0.0
priyanka,6001,1,740.0,1,0.0,1.0,0.0
priyanka,6002,1,600.0,1,0.0,1.0,0.0
priyanka,6003,86,71954.97674418605,58,0.29069767441860467,0.6744186046511628,1.2982291042600536
priyanka,6004,2,19105.0,2,0.0,1.0,0.0
priyanka,6005,5,22840.0,5,0.0,1.0,0.0
priyanka,6006,2,73235.0,1,0.5,0.5,0.5493061443340549
priyanka,6007,5,9068.0,5,0.0,1.0,0.0
priyanka,6008,7,1732.857142857143,7,0.0,1.0,0.0
priyanka,6009,2,355.0,2,0.0,1.0,0.0
priyanka,6010,2,665.0,2,0.0,1.0,0.0
priyanka,6011,4,27442.5,2,0.25,0.5,0.40235947810852507
priyanka,6012,2,1340.0,2,0.0,1.0,0.0
priyanka,6013,2,735.0,2,0.0,1.0,0.0
priyanka,6014,3,876.6666666666666,3,0.0,1.0,0.0
priyanka,6015,1,30301.0,0,1.0,0.0,0.6931471805599453
priyanka,6016,2,809.5,2,0.0,1.0,0.0
priyanka,6017,10,31082.2,7,0.3,0.7,0.7193685818395111
priyanka,6018,2,2270.0,2,0.0,1.0,0.0
priyanka,6019,3,8839.666666666666,3,0.0,1.0,0.0
priyanka,6020,1,380.0,1,0.0,1.0,0.0
priyanka,6021,2,5160.0,2,0.0,1.0,0.0
priyanka,6022,2,720.0,2,0.0,1.0,0.0
priyanka,6023,2,33890.0,2,0.0,1.0,0.0
priyanka,6024,1,1170.0,1,0.0,1.0,0.0
priyanka,6025,1,1310.0,1,0.0,1.0,0.0
priyanka,6026,3,246693.33333333334,3,0.0,1.0,0.0
priyanka,6027,1,2160.0,1,0.0,1.0,0.0
priyanka,6028,1,1670.0,1,0.0,1.0,0.0
priyanka,6029,1,21210.0,1,0.0,1.0,0.0
priyanka,6030,3,6416.666666666667,3,0.0,1.0,0.0
priyanka,6031,2,380.0,2,0.0,1.0,0.0
priyanka,6032,1,820.0,1,0.0,1.0,0.0
priyanka,6033,1,640.0,1,0.0,1.0,0.0
priyanka,6034,1,780.0,1,0.0,1.0,0.0
priyanka,6035,2,705.0,2,0.0,1.0,0.0
priyanka,6036,1,990.0,1,0.0,1.0,0.0
priyanka,6037,1,850.0,1,0.0,1.0,0.0
priyanka,6038,1,980.0,1,0.0,1.0,0.0
priyanka,6039,3,866.6666666666666,3,0.0,1.0,0.0
priyanka,6040,11,3870.909090909091,11,0.0,1.0,0.0
priyanka,6041,2,650.0,2,0.0,1.0,0.0
priyanka,6042,7,875.7142857142857,7,0.0,1.0,0.0
priyanka,6043,6,1213.3333333333333,6,0.0,1.0,0.0
priyanka,6044,2,875.0,2,0.0,1.0,0.0
priyanka,6045,1,105100.0,1,0.0,1.0,0.0
priyanka,6046,1,1030.0,1,0.0,1.0,0.0
priyanka,6047,1,370.0,1,0.0,1.0,0.0
priyanka,6048,1,310.0,1,0.0,1.0,0.0
priyanka,6049,1,1020.0,1,0.0,1.0,0.0
priyanka,6050,1,2960.0,1,0.0,1.0,0.0
priyanka,6051,1,470.0,1,0.0,1.0,0.0
priyanka,6052,1,5920.0,1,0.0,1.0,0.0
priyanka,6053,8,1046.25,8,0.0,1.0,0.0
priyanka,6054,5,8018.0,5,0.0,1.0,0.0
priyanka,6055,3,42026.666666666664,2,0.3333333333333333,0.6666666666666666,0.46209812037329684
priyanka,6056,4,10035.0,4,0.0,1.0,0.0
priyanka,6057,2,1250.0,2,0.0,1.0,0.0
priyanka,6058,3,880.0,3,0.0,1.0,0.0
priyanka,6059,2,13245.0,2,0.0,1.0,0.0
priyanka,6060,5,982.0,5,0.0,1.0,0.0
priyanka,6061,1,540.0,1,0.0,1.0,0.0
priyanka,6062,2,1935.0,2,0.0,1.0,0.0
priyanka,6063,5,880.0,5,0.0,1.0,0.0
priyanka,6064,2,675.0,2,0.0,1.0,0.0
priyanka,6065,3,4256.666666666667,3,0.0,1.0,0.0
priyanka,6066,2,730.0,2,0.0,1.0,0.0
priyanka,6067,6,1448.3333333333333,6,0.0,1.0,0.0
priyanka,6068,4,760.0,4,0.0,1.0,0.0
priyanka,6069,5,16080.0,4,0.2,0.8,0.358351893845611
priyanka,6070,5,66488.0,5,0.0,1.0,0.0
priyanka,6071,1,20950.0,1,0.0,1.0,0.0
priyanka,6072,2,915.0,2,0.0,1.0,0.0
priyanka,6073,4,7412.5,4,0.0,1.0,0.0
priyanka,6074,3,23903.333333333332,3,0.0,1.0,0.0
priyanka,6075,2,860.0,2,0.0,1.0,0.0
priyanka,6076,7,20343.714285714286,6,0.14285714285714285,0.8571428571428571,0.29706307738283366
priyanka,6077,31,3658.3870967741937,31,0.0,1.0,0.0
priyanka,6078,1,480.0,1,0.0,1.0,0.0
priyanka,6079,1,790.0,1,0.0,1.0,0.0
priyanka,6080,3,21170.0,3,0.0,1.0,0.0
priyanka,6081,4,21515.0,3,0.0,0.75,0.0
priyanka,6082,1,460.0,1,0.0,1.0,0.0
priyanka,6083,1,1050.0,1,0.0,1.0,0.0
priyanka,6084,1,1540.0,1,0.0,1.0,0.0
priyanka,6085,3,580.0,3,0.0,1.0,0.0
priyanka,6086,3,7260.0,3,0.0,1.0,0.0
priyanka,6087,1,407.0,0,0.0,0.0,0.0
priyanka,6088,6,2808.6666666666665,5,0.0,0.8333333333333334,0.0
priyanka,6089,1,1270.0,1,0.0,1.0,0.0
priyanka,6090,2,26895.0,2,0.0,1.0,0.0
priyanka,6091,4,31295.0,4,0.0,1.0,0.0
priyanka,6092,1,8130.0,1,0.0,1.0,0.0
priyanka,6093,12,4282.5,12,0.0,1.0,0.0
priyanka,6094,4,16892.5,4,0.0,1.0,0.0
priyanka,6095,1,490.0,1,0.0,1.0,0.0
priyanka,6096,3,43493.333333333336,3,0.0,1.0,0.0
priyanka,6097,8,80067.5,5,0.375,0.625,0.8239592165010823
priyanka,6098,3,626.6666666666666,3,0.0,1.0,0.0
priyanka,6099,6,59681.666666666664,5,0.16666666666666666,0.8333333333333334,0.3243183581758855
priyanka,6100,2,480.0,2,0.0,1.0,0.0
priyanka,6101,7,41683.0,6,0.14285714285714285,0.8571428571428571,0.29706307738283366
priyanka,6102,1,2679.0,1,0.0,1.0,0.0
priyanka,6103,1,580.0,1,0.0,1.0,0.0
priyanka,6104,1,680.0,1,0.0,1.0,0.0
priyanka,6105,1,370.0,1,0.0,1.0,0.0
priyanka,6106,1,1060.0,1,0.0,1.0,0.0
priyanka,6107,2,4915.0,2,0.0,1.0,0.0
priyanka,6108,55,122441.70909090909,46,0.05454545454545454,0.8363636363636363,0.2195646376764627
priyanka,6109,2,58570.0,2,0.0,1.0,0.0
priyanka,6110,3,17276.666666666668,3,0.0,1.0,0.0
priyanka,6111,1,1980.0,1,0.0,1.0,0.0
priyanka,6112,1,670.0,1,0.0,1.0,0.0
priyanka,6113,1,650.0,1,0.0,1.0,0.0
priyanka,6114,1,1420.0,1,0.0,1.0,0.0
priyanka,6115,1,700.0,1,0.0,1.0,0.0
priyanka,6116,1,2260.0,1,0.0,1.0,0.0
priyanka,6117,1,1610.0,1,0.0,1.0,0.0
priyanka,6118,1,800.0,1,0.0,1.0,0.0
priyanka,6119,1,118680.0,1,0.0,1.0,0.0
priyanka,6120,1,182490.0,1,0.0,1.0,0.0
priyanka,6121,21,3801.904761904762,21,0.0,1.0,0.0
priyanka,6122,3,1416.6666666666667,3,0.0,1.0,0.0
priyanka,6123,1,40160.0,1,0.0,1.0,0.0
priyanka,6124,1,98010.0,1,0.0,1.0,0.0
priyanka,6125,1,161910.0,1,0.0,1.0,0.0
priyanka,6126,17,20116.823529411766,15,0.11764705882352941,0.8823529411764706,0.34004373622307815
priyanka,6127,1,10270.0,1,0.0,1.0,0.0
priyanka,6128,3,2263.3333333333335,3,0.0,1.0,0.0
priyanka,6129,4,3090.0,4,0.0,1.0,0.0
priyanka,6130,1,920.0,1,0.0,1.0,0.0
priyanka,6131,2,520.0,2,0.0,1.0,0.0
priyanka,6132,3,376.6666666666667,3,0.0,1.0,0.0
priyanka,6133,3,426.6666666666667,3,0.0,1.0,0.0
priyanka,6134,1,0.0,1,0.0,1.0,0.0
priyanka,6135,2,1280.0,2,0.0,1.0,0.0
priyanka,6136,2,2025.0,2,0.0,1.0,0.0
priyanka,6137,3,1953.3333333333333,3,0.0,1.0,0.0
priyanka,6138,2,450.0,2,0.0,1.0,0.0
priyanka,6139,1,165100.0,1,0.0,1.0,0.0
priyanka,6140,2,955.0,2,0.0,1.0,0.0
priyanka,6141,3,8913.333333333334,3,0.0,1.0,0.0
priyanka,6142,1,27580.0,1,0.0,1.0,0.0
priyanka,6143,1,340.0,1,0.0,1.0,0.0
priyanka,6144,2,1335.0,2,0.0,1.0,0.0
priyanka,6145,1,280.0,1,0.0,1.0,0.0
priyanka,6146,1,230.0,1,0.0,1.0,0.0
priyanka,6147,1,48680.0,1,0.0,1.0,0.0
priyanka,6148,2,1575.0,2,0.0,1.0,0.0
priyanka,6149,2,1260.0,2,0.0,1.0,0.0
priyanka,6150,2,10475.0,2,0.0,1.0,0.0
priyanka,6151,6,10250.0,6,0.0,1.0,0.0
priyanka,6152,10,52957.6,9,0.0,0.9,0.0
priyanka,6153,4,48792.5,4,0.0,1.0,0.0
priyanka,6154,1,380.0,1,0.0,1.0,0.0
priyanka,6155,1,72690.0,1,0.0,1.0,0.0
priyanka,6156,6,3011.5,6,0.0,1.0,0.0
priyanka,6157,2,740.0,2,0.0,1.0,0.0
priyanka,6158,1,1610.0,1,0.0,1.0,0.0
priyanka,6159,1,94070.0,1,0.0,1.0,0.0
priyanka,6160,1,2220.0,1,0.0,1.0,0.0
priyanka,6161,1,47040.0,1,0.0,1.0,0.0
priyanka,6162,1,960.0,1,0.0,1.0,0.0
priyanka,6163,2,28835.0,2,0.0,1.0,0.0
priyanka,6164,1,810.0,1,0.0,1.0,0.0
priyanka,6165,1,5110.0,1,0.0,1.0,0.0
priyanka,6166,3,2086.6666666666665,3,0.0,1.0,0.0
priyanka,6167,3,353.3333333333333,3,0.0,1.0,0.0
priyanka,6168,2,12410.0,2,0.0,1.0,0.0
priyanka,6169,2,1765.0,2,0.0,1.0,0.0
priyanka,6170,2,2400.0,2,0.0,1.0,0.0
priyanka,6171,1,140.0,1,0.0,1.0,0.0
priyanka,6172,4,1185.0,4,0.0,1.0,0.0
priyanka,6173,3,783.3333333333334,3,0.0,1.0,0.0
priyanka,6174,4,17287.5,4,0.0,1.0,0.0
priyanka,6175,5,1100.0,5,0.0,1.0,0.0
priyanka,6176,2,975.0,2,0.0,1.0,0.0
priyanka,6177,1,380.0,1,0.0,1.0,0.0
priyanka,6178,1,56590.0,1,0.0,1.0,0.0
priyanka,6179,2,1805.0,2,0.0,1.0,0.0
priyanka,6180,1,870.0,1,0.0,1.0,0.0
priyanka,6181,2,2845.0,2,0.0,1.0,0.0
priyanka,6182,1,10760.0,1,0.0,1.0,0.0
priyanka,6183,1,10820.0,1,0.0,1.0,0.0
priyanka,6184,2,1875.0,2,0.0,1.0,0.0
priyanka,6185,2,855.0,2,0.0,1.0,0.0
priyanka,6186,2,12235.0,2,0.0,1.0,0.0
priyanka,6187,1,2300.0,1,0.0,1.0,0.0
priyanka,6188,1,15660.0,1,0.0,1.0,0.0
priyanka,6189,3,14490.0,3,0.0,1.0,0.0
priyanka,6190,3,2103.3333333333335,3,0.0,1.0,0.0
priyanka,6191,2,990.0,2,0.0,1.0,0.0
priyanka,6192,3,84982.33333333333,2,0.3333333333333333,0.6666666666666666,0.46209812037329684
priyanka,6193,1,730.0,1,0.0,1.0,0.0
priyanka,6194,3,1046.6666666666667,3,0.0,1.0,0.0
priyanka,6195,2,1285.0,2,0.0,1.0,0.0
priyanka,6196,3,1843.3333333333333,3,0.0,1.0,0.0
priyanka,6197,2,1410.0,2,0.0,1.0,0.0
priyanka,6198,1,270.0,1,0.0,1.0,0.0
priyanka,6199,1,750.0,1,0.0,1.0,0.0
priyanka,6200,2,3185.0,2,0.0,1.0,0.0
priyanka,6201,1,201250.0,1,0.0,1.0,0.0
priyanka,6202,3,43750.0,3,0.0,1.0,0.0
priyanka,6203,1,1090.0,1,0.0,1.0,0.0
priyanka,6204,1,680.0,1,0.0,1.0,0.0
priyanka,6205,1,1000.0,1,0.0,1.0,0.0
priyanka,6206,1,640.0,1,0.0,1.0,0.0
priyanka,6207,1,2990.0,1,0.0,1.0,0.0
priyanka,6208,1,31013.0,1,0.0,1.0,0.0
priyanka,6209,2,47245.0,2,0.0,1.0,0.0
priyanka,6210,45,135253.97777777776,33,0.24444444444444444,0.7333333333333333,0.9358901191417788
priyanka,6211,2,34195.0,2,0.0,1.0,0.0
priyanka,6212,3,1003.3333333333334,3,0.0,1.0,0.0
priyanka,6213,3,60516.666666666664,3,0.0,1.0,0.0
priyanka,6214,1,3400.0,1,0.0,1.0,0.0
priyanka,6215,2,34515.0,2,0.0,1.0,0.0
priyanka,6216,1,980.0,1,0.0,1.0,0.0
priyanka,6217,2,3075.0,2,0.0,1.0,0.0
priyanka,6218,1,430.0,1,0.0,1.0,0.0
priyanka,6219,1,760.0,1,0.0,1.0,0.0
priyanka,6220,1,610.0,1,0.0,1.0,0.0
priyanka,6221,1,660.0,1,0.0,1.0,0.0
priyanka,6222,1,590.0,1,0.0,1.0,0.0
priyanka,6223,1,0.0,1,0.0,1.0,0.0
priyanka,6224,1,59290.0,1,0.0,1.0,0.0
priyanka,6225,1,6080.0,1,0.0,1.0,0.0
priyanka,6226,1,380.0,1,0.0,1.0,0.0
priyanka,6227,1,810.0,1,0.0,1.0,0.0
priyanka,6228,1,740.0,1,0.0,1.0,0.0
priyanka,6229,1,690.0,1,0.0,1.0,0.0
priyanka,6230,1,1100.0,1,0.0,1.0,0.0
priyanka,6231,1,750.0,1,0.0,1.0,0.0
priyanka,6232,1,1010.0,1,0.0,1.0,0.0
priyanka,6233,1,880.0,1,0.0,1.0,0.0
priyanka,6234,1,4910.0,1,0.0,1.0,0.0
priyanka,6235,2,10790.0,2,0.0,1.0,0.0
priyanka,6236,3,926.6666666666666,3,0.0,1.0,0.0
priyanka,6237,1,1060.0,1,0.0,1.0,0.0
priyanka,6238,1,230.0,1,0.0,1.0,0.0
priyanka,6239,1,1460.0,1,0.0,1.0,0.0
priyanka,6240,1,510.0,1,0.0,1.0,0.0
priyanka,6241,2,4090.0,2,0.0,1.0,0.0
priyanka,6242,1,26080.0,1,0.0,1.0,0.0
priyanka,6243,3,36979.333333333336,3,0.0,1.0,0.0
priyanka,6244,2,715.0,2,0.0,1.0,0.0
priyanka,6245,2,680.0,2,0.0,1.0,0.0
priyanka,6246,1,440.0,1,0.0,1.0,0.0
priyanka,6247,1,1020.0,1,0.0,1.0,0.0
priyanka,6248,1,820.0,1,0.0,1.0,0.0
priyanka,6249,1,770.0,1,0.0,1.0,0.0
priyanka,6250,1,580.0,1,0.0,1.0,0.0
priyanka,6251,1,1470.0,1,0.0,1.0,0.0
priyanka,6252,3,8383.333333333334,3,0.0,1.0,0.0
priyanka,6253,3,926.6666666666666,3,0.0,1.0,0.0
priyanka,6254,2,13870.0,2,0.0,1.0,0.0
priyanka,6255,2,1160.0,2,0.0,1.0,0.0
priyanka,6256,1,580.0,1,0.0,1.0,0.0
priyanka,6257,3,1226.6666666666667,3,0.0,1.0,0.0
priyanka,6258,1,1360.0,1,0.0,1.0,0.0
priyanka,6259,1,1210.0,1,0.0,1.0,0.0
priyanka,6260,1,760.0,1,0.0,1.0,0.0
priyanka,6261,1,1590.0,1,0.0,1.0,0.0
priyanka,6262,1,8580.0,1,0.0,1.0,0.0
priyanka,6263,7,60595.857142857145,6,0.14285714285714285,0.8571428571428571,0.29706307738283366
priyanka,6264,1,3830.0,1,0.0,1.0,0.0
priyanka,6265,3,2693.3333333333335,3,0.0,1.0,0.0
priyanka,6266,3,43616.666666666664,2,0.3333333333333333,0.6666666666666666,0.46209812037329684
priyanka,6267,3,2760.0,3,0.0,1.0,0.0
priyanka,6268,5,814.0,5,0.0,1.0,0.0
priyanka,6269,5,7810.0,5,0.0,1.0,0.0
priyanka,6270,1,760.0,1,0.0,1.0,0.0
priyanka,6271,2,870.0,2,0.0,1.0,0.0
priyanka,6272,1,870.0,1,0.0,1.0,0.0
priyanka,6273,1,700.0,1,0.0,1.0,0.0
priyanka,6274,106,48145.25471698113,88,0.14150943396226415,0.8301886792452831,0.6612493633672508
priyanka,6275,32,12886.40625,30,0.03125,0.9375,0.0
priyanka,6276,2,2210.0,2,0.0,1.0,0.0
priyanka,6277,16,19250.625,16,0.0,1.0,0.0
priyanka,6278,2,665.0,2,0.0,1.0,0.0
priyanka,6279,3,2996.6666666666665,3,0.0,1.0,0.0
priyanka,6280,1,650.0,1,0.0,1.0,0.0
priyanka,6281,1,690.0,1,0.0,1.0,0.0
priyanka,6282,1,770.0,1,0.0,1.0,0.0
priyanka,6283,1,600.0,1,0.0,1.0,0.0
priyanka,6284,3,16333.333333333334,3,0.0,1.0,0.0
priyanka,6285,1,14880.0,1,0.0,1.0,0.0
priyanka,6286,1,1130.0,1,0.0,1.0,0.0
priyanka,6287,1,3510.0,1,0.0,1.0,0.0
priyanka,6288,1,560.0,1,0.0,1.0,0.0
priyanka,6289,17,24041.764705882353,16,0.058823529411764705,0.9411764705882353,0.17002186811153908
priyanka,6290,1,15030.0,1,0.0,1.0,0.0
priyanka,6291,1,450.0,1,0.0,1.0,0.0
priyanka,6292,1,340.0,1,0.0,1.0,0.0
priyanka,6293,1,1420.0,1,0.0,1.0,0.0
priyanka,6294,1,1730.0,1,0.0,1.0,0.0
priyanka,6295,1,1070.0,1,0.0,1.0,0.0
priyanka,6296,2,2240.0,2,0.0,1.0,0.0
priyanka,6297,2,37580.0,2,0.0,1.0,0.0
priyanka,6298,1,142220.0,1,0.0,1.0,0.0
priyanka,6299,1,720.0,1,0.0,1.0,0.0
priyanka,6300,1,1380.0,1,0.0,1.0,0.0
priyanka,6301,4,31950.0,4,0.0,1.0,0.0
priyanka,6302,32,88139.375,32,0.0,1.0,0.0
priyanka,6303,1,1710.0,1,0.0,1.0,0.0
priyanka,6304,1,4890.0,1,0.0,1.0,0.0
priyanka,6305,1,23960.0,1,0.0,1.0,0.0
priyanka,6306,2,87555.0,2,0.0,1.0,0.0
priyanka,6307,1,510.0,1,0.0,1.0,0.0
priyanka,6308,1,13000.0,1,0.0,1.0,0.0
priyanka,6309,1,28660.0,1,0.0,1.0,0.0
priyanka,6310,2,1030.0,2,0.0,1.0,0.0
priyanka,6311,1,6640.0,1,0.0,1.0,0.0
priyanka,6312,1,1940.0,1,0.0,1.0,0.0
priyanka,6313,1,2160.0,1,0.0,1.0,0.0
priyanka,6314,1,1850.0,1,0.0,1.0,0.0
priyanka,6315,1,7280.0,1,0.0,1.0,0.0
priyanka,6316,21,13772.380952380952,20,0.047619047619047616,0.9523809523809523,0.0
priyanka,6317,1,36300.0,1,0.0,1.0,0.0
priyanka,6318,1,3990.0,1,0.0,1.0,0.0
priyanka,6319,1,19720.0,1,0.0,1.0,0.0
priyanka,6320,1,6240.0,1,0.0,1.0,0.0
priyanka,6321,1,14540.0,1,0.0,1.0,0.0
priyanka,6322,8,150108.75,7,0.125,0.875,0.27465307216702745
priyanka,6323,1,2490.0,1,0.0,1.0,0.0
priyanka,6324,2,1390.0,2,0.0,1.0,0.0
priyanka,6325,1,1900.0,1,0.0,1.0,0.0
priyanka,6326,2,2305.0,2,0.0,1.0,0.0
priyanka,6327,10,55701.0,10,0.0,1.0,0.0
priyanka,6328,1,730.0,1,0.0,1.0,0.0
priyanka,6329,1,340.0,1,0.0,1.0,0.0
priyanka,6330,1,450.0,1,0.0,1.0,0.0
priyanka,6331,15,4588.0,15,0.0,1.0,0.0
priyanka,6332,1,800.0,1,0.0,1.0,0.0
priyanka,6333,3,29963.333333333332,3,0.0,1.0,0.0
priyanka,6334,2,800.0,2,0.0,1.0,0.0
priyanka,6335,1,970.0,1,0.0,1.0,0.0
priyanka,6336,2,48745.0,2,0.0,1.0,0.0
priyanka,6337,37,79008.37837837837,25,0.32432432432432434,0.6756756756756757,1.179757673424774
priyanka,6338,2,2080.0,2,0.0,1.0,0.0
priyanka,6339,17,13325.882352941177,17,0.0,1.0,0.0
priyanka,6340,1,2010.0,1,0.0,1.0,0.0
priyanka,6341,29,34063.793103448275,24,0.1724137931034483,0.8275862068965517,0.5864133416658889
priyanka,6342,1,5490.0,1,0.0,1.0,0.0
priyanka,6343,1,360.0,1,0.0,1.0,0.0
priyanka,6344,1,1300.0,1,0.0,1.0,0.0
priyanka,6345,1,820.0,1,0.0,1.0,0.0
priyanka,6346,1,660.0,1,0.0,1.0,0.0
priyanka,6347,1,260.0,1,0.0,1.0,0.0
priyanka,6348,1,420.0,1,0.0,1.0,0.0
priyanka,6349,2,1240.0,2,0.0,1.0,0.0
priyanka,6350,1,410.0,1,0.0,1.0,0.0
priyanka,6351,1,9140.0,1,0.0,1.0,0.0
priyanka,6352,1,960.0,1,0.0,1.0,0.0
priyanka,6353,1,3250.0,1,0.0,1.0,0.0
priyanka,6354,1,1760.0,1,0.0,1.0,0.0
priyanka,6355,2,1335.0,2,0.0,1.0,0.0
priyanka,6356,2,31950.0,2,0.0,1.0,0.0
priyanka,6357,1,4630.0,1,0.0,1.0,0.0
priyanka,6358,7,9025.57142857143,7,0.0,1.0,0.0
priyanka,6359,3,11216.666666666666,3,0.0,1.0,0.0
priyanka,6360,2,95400.0,2,0.0,1.0,0.0
priyanka,6361,1,900.0,1,0.0,1.0,0.0
priyanka,6362,1,4970.0,1,0.0,1.0,0.0
priyanka,6363,3,34770.0,2,0.0,0.6666666666666666,0.0
priyanka,6364,2,505.0,2,0.0,1.0,0.0
priyanka,6365,2,430.0,2,0.0,1.0,0.0
priyanka,6366,2,1600.0,2,0.0,1.0,0.0
priyanka,6367,1,1040.0,1,0.0,1.0,0.0
priyanka,6368,1,1240.0,1,0.0,1.0,0.0
priyanka,6369,2,75220.0,2,0.0,1.0,0.0
priyanka,6370,2,41895.0,2,0.0,1.0,0.0
priyanka,6371,1,740.0,1,0.0,1.0,0.0
priyanka,6372,1,900.0,1,0.0,1.0,0.0
priyanka,6373,3,18406.666666666668,3,0.0,1.0,0.0
priyanka,6374,1,400.0,1,0.0,1.0,0.0
priyanka,6375,2,3860.0,2,0.0,1.0,0.0
priyanka,6376,1,1030.0,1,0.0,1.0,0.0
priyanka,6377,2,505.0,2,0.0,1.0,0.0
priyanka,6378,1,680.0,1,0.0,1.0,0.0
priyanka,6379,4,916.75,4,0.0,1.0,0.0
priyanka,6380,1,690.0,1,0.0,1.0,0.0
priyanka,6381,8,59544.25,7,0.125,0.875,0.27465307216702745
priyanka,6382,1,640.0,1,0.0,1.0,0.0
priyanka,6383,2,800.0,2,0.0,1.0,0.0
priyanka,6384,1,28690.0,1,0.0,1.0,0.0
priyanka,6385,1,6450.0,1,0.0,1.0,0.0
priyanka,6386,1,710.0,1,0.0,1.0,0.0
priyanka,6387,2,790.0,2,0.0,1.0,0.0
priyanka,6388,2,1115.0,2,0.0,1.0,0.0
priyanka,6389,1,700.0,1,0.0,1.0,0.0
priyanka,6390,1,750.0,1,0.0,1.0,0.0
priyanka,6391,1,650.0,1,0.0,1.0,0.0
priyanka,6392,1,590.0,1,0.0,1.0,0.0
priyanka,6393,1,1520.0,1,0.0,1.0,0.0
priyanka,6394,2,62260.0,1,0.5,0.5,0.5493061443340549
priyanka,6395,2,10950.0,2,0.0,1.0,0.0
priyanka,6396,1,710.0,1,0.0,1.0,0.0
priyanka,6397,1,910.0,1,0.0,1.0,0.0
priyanka,6398,1,520.0,1,0.0,1.0,0.0
priyanka,6399,1,970.0,1,0.0,1.0,0.0
priyanka,6400,1,2670.0,1,0.0,1.0,0.0
priyanka,6401,1,51760.0,1,0.0,1.0,0.0
priyanka,6402,2,905.0,2,0.0,1.0,0.0
priyanka,6403,2,26315.0,2,0.0,1.0,0.0
priyanka,6404,2,1825.0,2,0.0,1.0,0.0
priyanka,6405,1,1428.0,1,0.0,1.0,0.0
priyanka,6406,1,194720.0,0,1.0,0.0,0.6931471805599453
priyanka,6407,4,1290.0,4,0.0,1.0,0.0
priyanka,6408,2,1630.0,2,0.0,1.0,0.0
priyanka,6409,5,1212.0,5,0.0,1.0,0.0
priyanka,6410,3,54120.0,3,0.0,1.0,0.0
priyanka,6411,1,840.0,1,0.0,1.0,0.0
priyanka,6412,1,380.0,1,0.0,1.0,0.0
priyanka,6413,1,1220.0,1,0.0,1.0,0.0
priyanka,6414,1,850.0,1,0.0,1.0,0.0
priyanka,6415,2,745.0,2,0.0,1.0,0.0
priyanka,6416,1,23830.0,1,0.0,1.0,0.0
priyanka,6417,1,690.0,1,0.0,1.0,0.0
priyanka,6418,1,800.0,1,0.0,1.0,0.0
priyanka,6419,2,85.0,2,0.0,1.0,0.0
priyanka,6420,1,9000.0,1,0.0,1.0,0.0
priyanka,6421,1,820.0,1,0.0,1.0,0.0
priyanka,6422,1,5630.0,1,0.0,1.0,0.0
priyanka,6423,1,910.0,1,0.0,1.0,0.0
priyanka,6424,1,440.0,1,0.0,1.0,0.0
priyanka,6425,2,78700.0,2,0.0,1.0,0.0
priyanka,6426,2,26285.0,2,0.0,1.0,0.0
priyanka,6427,1,10940.0,1,0.0,1.0,0.0
priyanka,6428,1,1860.0,1,0.0,1.0,0.0
priyanka,6429,1,830.0,1,0.0,1.0,0.0
priyanka,6430,6,35096.666666666664,6,0.0,1.0,0.0
priyanka,6431,1,840.0,1,0.0,1.0,0.0
priyanka,6432,2,650.0,2,0.0,1.0,0.0
priyanka,6433,1,870.0,1,0.0,1.0,0.0
priyanka,6434,1,28230.0,1,0.0,1.0,0.0
priyanka,6435,2,1140.0,2,0.0,1.0,0.0
priyanka,6436,2,2450.0,2,0.0,1.0,0.0
priyanka,6437,2,26550.0,2,0.0,1.0,0.0
priyanka,6438,1,1040.0,1,0.0,1.0,0.0
priyanka,6439,1,3490.0,1,0.0,1.0,0.0
priyanka,6440,1,860.0,1,0.0,1.0,0.0
priyanka,6441,1,1130.0,1,0.0,1.0,0.0
priyanka,6442,1,3540.0,1,0.0,1.0,0.0
priyanka,6443,3,3300.0,3,0.0,1.0,0.0
priyanka,6444,1,23690.0,1,0.0,1.0,0.0
priyanka,6445,2,675.0,2,0.0,1.0,0.0
priyanka,6446,2,900.0,2,0.0,1.0,0.0
priyanka,6447,1,790.0,1,0.0,1.0,0.0
priyanka,6448,1,1180.0,1,0.0,1.0,0.0
priyanka,6449,2,8575.0,2,0.0,1.0,0.0
priyanka,6450,1,3210.0,1,0.0,1.0,0.0
priyanka,6451,1,5270.0,1,0.0,1.0,0.0
priyanka,6452,1,550.0,1,0.0,1.0,0.0
priyanka,6453,1,440.0,1,0.0,1.0,0.0
priyanka,6454,2,1460.0,2,0.0,1.0,0.0
priyanka,6455,1,1180.0,1,0.0,1.0,0.0
priyanka,6456,1,910.0,1,0.0,1.0,0.0
priyanka,6457,1,1020.0,1,0.0,1.0,0.0
priyanka,6458,1,16050.0,1,0.0,1.0,0.0
priyanka,6459,1,910.0,1,0.0,1.0,0.0
priyanka,6460,1,750.0,1,0.0,1.0,0.0
priyanka,6461,1,1140.0,1,0.0,1.0,0.0
priyanka,6462,1,750.0,1,0.0,1.0,0.0
priyanka,6463,1,620.0,1,0.0,1.0,0.0
priyanka,6464,1,1110.0,1,0.0,1.0,0.0
priyanka,6465,1,550.0,1,0.0,1.0,0.0
priyanka,6466,3,1190.0,3,0.0,1.0,0.0
priyanka,6467,1,1830.0,1,0.0,1.0,0.0
priyanka,6468,1,3240.0,1,0.0,1.0,0.0
priyanka,6469,3,1746.6666666666667,3,0.0,1.0,0.0
priyanka,6470,1,9310.0,1,0.0,1.0,0.0
priyanka,6471,2,6810.0,2,0.0,1.0,0.0
priyanka,6472,4,822.5,4,0.0,1.0,0.0
priyanka,6473,1,30330.0,1,0.0,1.0,0.0
priyanka,6474,1,21500.0,1,0.0,1.0,0.0
priyanka,6475,1,1170.0,1,0.0,1.0,0.0
priyanka,6476,1,1240.0,1,0.0,1.0,0.0
priyanka,6477,20,39317.5,20,0.0,1.0,0.0
priyanka,6478,4,1702.5,4,0.0,1.0,0.0
priyanka,6479,2,800.0,2,0.0,1.0,0.0
priyanka,6480,1,1570.0,1,0.0,1.0,0.0
priyanka,6481,3,24836.666666666668,3,0.0,1.0,0.0
priyanka,6482,1,860.0,1,0.0,1.0,0.0
priyanka,6483,1,1080.0,1,0.0,1.0,0.0
priyanka,6484,2,955.0,2,0.0,1.0,0.0
priyanka,6485,4,53925.0,3,0.25,0.75,0.40235947810852507
priyanka,6486,21,12779.047619047618,21,0.0,1.0,0.0
priyanka,6487,1,460.0,1,0.0,1.0,0.0
priyanka,6488,1,1340.0,1,0.0,1.0,0.0
priyanka,6489,2,490.0,2,0.0,1.0,0.0
priyanka,6490,57,48982.45614035088,54,0.03508771929824561,0.9473684210526315,0.1424716845805761
priyanka,6491,1,1029.0,1,0.0,1.0,0.0
priyanka,6492,7,39917.142857142855,6,0.14285714285714285,0.8571428571428571,0.29706307738283366
priyanka,6493,7,106893.0,5,0.2857142857142857,0.7142857142857143,0.5941261547656673
priyanka,6494,2,2799.5,2,0.0,1.0,0.0
priyanka,6495,7,42933.0,6,0.14285714285714285,0.8571428571428571,0.29706307738283366
priyanka,6496,2,21714.5,1,0.5,0.5,0.5493061443340549
priyanka,6497,2,31405.0,2,0.0,1.0,0.0
priyanka,6498,6,60256.666666666664,5,0.16666666666666666,0.8333333333333334,0.3243183581758855
priyanka,6499,2,4465.0,2,0.0,1.0,0.0
priyanka,6500,1,114660.0,0,1.0,0.0,0.6931471805599453
priyanka,6501,1,38499.0,1,0.0,1.0,0.0
priyanka,6502,1,220951.0,0,1.0,0.0,0.6931471805599453
priyanka,6503,2,20069.5,2,0.0,1.0,0.0
priyanka,6504,1,4760.0,1,0.0,1.0,0.0
priyanka,6505,1,2000.0,1,0.0,1.0,0.0
priyanka,6506,1,1470.0,1,0.0,1.0,0.0
priyanka,6507,1,65730.0,1,0.0,1.0,0.0
priyanka,6508,1,116740.0,1,0.0,1.0,0.0
priyanka,6509,1,9220.0,1,0.0,1.0,0.0
priyanka,6510,1,310.0,1,0.0,1.0,0.0
priyanka,6511,2,4740.0,2,0.0,1.0,0.0
priyanka,6512,3,5950.0,3,0.0,1.0,0.0
priyanka,6513,1,5870.0,1,0.0,1.0,0.0
priyanka,6514,3,1703.3333333333333,3,0.0,1.0,0.0
priyanka,6515,1,480.0,1,0.0,1.0,0.0
priyanka,6516,1,1400.0,1,0.0,1.0,0.0
priyanka,6517,1,2650.0,1,0.0,1.0,0.0
priyanka,6518,1,3520.0,1,0.0,1.0,0.0
priyanka,6519,1,21890.0,1,0.0,1.0,0.0
priyanka,6520,2,34750.0,2,0.0,1.0,0.0
priyanka,6521,2,1385.0,2,0.0,1.0,0.0
priyanka,6522,2,11960.0,2,0.0,1.0,0.0
priyanka,6523,1,1070.0,1,0.0,1.0,0.0
priyanka,6524,4,3892.5,4,0.0,1.0,0.0
priyanka,6525,92,73416.53260869565,85,0.06521739130434782,0.9239130434782609,0.2956043147708645
priyanka,6526,2,645.0,2,0.0,1.0,0.0
priyanka,6527,1,1130.0,1,0.0,1.0,0.0
priyanka,6528,3,2980.0,3,0.0,1.0,0.0
priyanka,6529,1,980.0,1,0.0,1.0,0.0
priyanka,6530,1,870.0,1,0.0,1.0,0.0
priyanka,6531,2,3515.0,2,0.0,1.0,0.0
priyanka,6532,1,1500.0,1,0.0,1.0,0.0
priyanka,6533,2,2480.0,2,0.0,1.0,0.0
priyanka,6534,4,16977.5,4,0.0,1.0,0.0
priyanka,6535,2,1650.0,2,0.0,1.0,0.0
priyanka,6536,1,103480.0,1,0.0,1.0,0.0
priyanka,6537,2,1325.0,2,0.0,1.0,0.0
priyanka,6538,1,1670.0,1,0.0,1.0,0.0
priyanka,6539,1,2120.0,1,0.0,1.0,0.0
priyanka,6540,3,943.3333333333334,3,0.0,1.0,0.0
priyanka,6541,1,710.0,1,0.0,1.0,0.0
priyanka,6542,3,4696.666666666667,3,0.0,1.0,0.0
priyanka,6543,5,30183.0,4,0.2,0.8,0.358351893845611
priyanka,6544,1,940.0,1,0.0,1.0,0.0
priyanka,6545,1,400.0,1,0.0,1.0,0.0
priyanka,6546,2,2085.0,2,0.0,1.0,0.0
priyanka,6547,3,813.3333333333334,3,0.0,1.0,0.0
priyanka,6548,3,950.0,3,0.0,1.0,0.0
priyanka,6549,1,610.0,1,0.0,1.0,0.0
priyanka,6550,1,910.0,1,0.0,1.0,0.0
priyanka,6551,1,700.0,1,0.0,1.0,0.0
priyanka,6552,1,320.0,1,0.0,1.0,0.0
priyanka,6553,1,630.0,1,0.0,1.0,0.0
priyanka,6554,1,290.0,1,0.0,1.0,0.0
priyanka,6555,3,31889.333333333332,3,0.0,1.0,0.0
priyanka,6556,3,1350.0,3,0.0,1.0,0.0
priyanka,6557,10,75321.0,5,0.5,0.5,1.1989476363991853
priyanka,6558,3,8215.0,3,0.0,1.0,0.0
priyanka,6559,2,17630.0,2,0.0,1.0,0.0
priyanka,6560,3,43207.333333333336,2,0.3333333333333333,0.6666666666666666,0.46209812037329684
priyanka,6561,4,52617.5,3,0.25,0.75,0.40235947810852507
priyanka,6562,2,46795.0,1,0.5,0.5,0.5493061443340549
priyanka,6563,4,1085.0,4,0.0,1.0,0.0
priyanka,6564,1,790.0,1,0.0,1.0,0.0
priyanka,6565,1,320.0,1,0.0,1.0,0.0
priyanka,6566,1,960.0,1,0.0,1.0,0.0
priyanka,6567,1,420.0,1,0.0,1.0,0.0
priyanka,6568,2,3240.0,2,0.0,1.0,0.0
priyanka,6569,1,1050.0,1,0.0,1.0,0.0
priyanka,6570,1,930.0,1,0.0,1.0,0.0
priyanka,6571,1,4650.0,1,0.0,1.0,0.0
priyanka,6572,3,2993.3333333333335,3,0.0,1.0,0.0
priyanka,6573,2,1220.0,2,0.0,1.0,0.0
priyanka,6574,3,1896.6666666666667,3,0.0,1.0,0.0
priyanka,6575,1,1150.0,1,0.0,1.0,0.0
priyanka,6576,3,1106.6666666666667,3,0.0,1.0,0.0
priyanka,6577,1,320.0,1,0.0,1.0,0.0
priyanka,6578,1,880.0,1,0.0,1.0,0.0
priyanka,6579,7,18755.714285714286,7,0.0,1.0,0.0
priyanka,6580,3,3716.6666666666665,3,0.0,1.0,0.0
priyanka,6581,8,20697.625,7,0.125,0.875,0.27465307216702745
priyanka,6582,1,4600.0,1,0.0,1.0,0.0
priyanka,6583,1,2520.0,1,0.0,1.0,0.0
priyanka,6584,1,530.0,1,0.0,1.0,0.0
priyanka,6585,1,580.0,1,0.0,1.0,0.0
priyanka,6586,1,720.0,1,0.0,1.0,0.0
priyanka,6587,1,390.0,1,0.0,1.0,0.0
priyanka,6588,3,6596.666666666667,3,0.0,1.0,0.0
priyanka,6589,1,410.0,1,0.0,1.0,0.0
priyanka,6590,5,24758.0,5,0.0,1.0,0.0
priyanka,6591,1,1320.0,1,0.0,1.0,0.0
priyanka,6592,2,1260.0,2,0.0,1.0,0.0
priyanka,6593,1,3940.0,1,0.0,1.0,0.0
priyanka,6594,1,0.0,1,0.0,1.0,0.0
priyanka,6595,3,970.0,3,0.0,1.0,0.0
priyanka,6596,2,1355.0,1,0.0,0.5,0.0
priyanka,6597,1,40850.0,1,0.0,1.0,0.0
priyanka,6598,2,1055.0,2,0.0,1.0,0.0
priyanka,6599,1,520.0,1,0.0,1.0,0.0
priyanka,6600,1,850.0,1,0.0,1.0,0.0
priyanka,6601,1,2280.0,1,0.0,1.0,0.0
priyanka,6602,1,68000.0,1,0.0,1.0,0.0
priyanka,6603,1,6580.0,1,0.0,1.0,0.0
priyanka,6604,5,2858.0,5,0.0,1.0,0.0
priyanka,6605,1,18420.0,1,0.0,1.0,0.0
priyanka,6606,1,670.0,1,0.0,1.0,0.0
priyanka,6607,1,590.0,1,0.0,1.0,0.0
priyanka,6608,1,5220.0,1,0.0,1.0,0.0
priyanka,6609,1,3770.0,1,0.0,1.0,0.0
priyanka,6610,2,25705.0,2,0.0,1.0,0.0
priyanka,6611,1,27980.0,1,0.0,1.0,0.0
priyanka,6612,1,10440.0,1,0.0,1.0,0.0
priyanka,6613,40,135460.95,32,0.2,0.8,0.7427144133408616
priyanka,6614,21,9362.380952380952,21,0.0,1.0,0.0
priyanka,6615,5,26678.0,5,0.0,1.0,0.0
priyanka,6616,1,3570.0,1,0.0,1.0,0.0
priyanka,6617,1,2010.0,1,0.0,1.0,0.0
priyanka,6618,3,6206.333333333333,1,0.0,0.3333333333333333,0.0
priyanka,6619,1,4200.0,1,0.0,1.0,0.0
priyanka,6620,2,5110.0,2,0.0,1.0,0.0
priyanka,6621,1,840.0,1,0.0,1.0,0.0
priyanka,6622,1,890.0,1,0.0,1.0,0.0
priyanka,6623,1,52480.0,1,0.0,1.0,0.0
priyanka,6624,2,68750.0,2,0.0,1.0,0.0
priyanka,6625,4,715.0,4,0.0,1.0,0.0
priyanka,6626,12,199787.5,9,0.25,0.75,0.6412373393653842
priyanka,6627,7,31605.714285714286,7,0.0,1.0,0.0
priyanka,6628,5,13086.0,5,0.0,1.0,0.0
priyanka,6629,9,66514.44444444444,8,0.1111111111111111,0.8888888888888888,0.2558427881104495
priyanka,6630,19,84423.52631578948,13,0.3157894736842105,0.6842105263157895,0.9460207179644181
priyanka,6631,1,380.0,1,0.0,1.0,0.0
priyanka,6632,1,3780.0,1,0.0,1.0,0.0
priyanka,6633,1,650.0,1,0.0,1.0,0.0
priyanka,6634,1,94380.0,1,0.0,1.0,0.0
priyanka,6635,4,925.0,4,0.0,1.0,0.0
priyanka,6636,2,1395.0,2,0.0,1.0,0.0
priyanka,6637,2,640.0,2,0.0,1.0,0.0
priyanka,6638,1,1010.0,1,0.0,1.0,0.0
priyanka,6639,1,2740.0,1,0.0,1.0,0.0
priyanka,6640,1,370.0,1,0.0,1.0,0.0
priyanka,6641,3,46183.666666666664,2,0.3333333333333333,0.6666666666666666,0.46209812037329684
priyanka,6642,4,41335.0,4,0.0,1.0,0.0
priyanka,6643,1,2370.0,1,0.0,1.0,0.0
priyanka,6644,2,630.0,2,0.0,1.0,0.0
priyanka,6645,1,910.0,1,0.0,1.0,0.0
priyanka,6646,2,1870.0,2,0.0,1.0,0.0
priyanka,6647,4,562.5,4,0.0,1.0,0.0
priyanka,6648,1,400.0,1,0.0,1.0,0.0
priyanka,6649,2,880.0,2,0.0,1.0,0.0
priyanka,6650,3,656.6666666666666,3,0.0,1.0,0.0
priyanka,6651,2,880.0,2,0.0,1.0,0.0
priyanka,6652,2,745.0,2,0.0,1.0,0.0
priyanka,6653,4,34442.5,3,0.25,0.75,0.40235947810852507
priyanka,6654,1,710.0,1,0.0,1.0,0.0
priyanka,6655,1,770.0,1,0.0,1.0,0.0
priyanka,6656,1,660.0,1,0.0,1.0,0.0
priyanka,6657,1,1790.0,1,0.0,1.0,0.0
priyanka,6658,1,690.0,1,0.0,1.0,0.0
priyanka,6659,1,720.0,1,0.0,1.0,0.0
priyanka,6660,3,9176.666666666666,3,0.0,1.0,0.0
priyanka,6661,1,900.0,1,0.0,1.0,0.0
priyanka,6662,3,1010.0,3,0.0,1.0,0.0
priyanka,6663,1,580.0,1,0.0,1.0,0.0
priyanka,6664,1,330.0,1,0.0,1.0,0.0
priyanka,6665,1,710.0,1,0.0,1.0,0.0
priyanka,6666,1,600.0,1,0.0,1.0,0.0
priyanka,6667,1,780.0,1,0.0,1.0,0.0
priyanka,6668,1,1460.0,1,0.0,1.0,0.0
priyanka,6669,2,615.0,2,0.0,1.0,0.0
priyanka,6670,2,6860.0,2,0.0,1.0,0.0
priyanka,6671,1,520.0,1,0.0,1.0,0.0
priyanka,6672,1,520.0,1,0.0,1.0,0.0
priyanka,6673,1,610.0,1,0.0,1.0,0.0
priyanka,6674,1,2940.0,1,0.0,1.0,0.0
priyanka,6675,3,946.6666666666666,3,0.0,1.0,0.0
priyanka,6676,2,480.0,2,0.0,1.0,0.0
priyanka,6677,2,1310.0,2,0.0,1.0,0.0
priyanka,6678,4,86785.0,2,0.5,0.5,0.8047189562170501
priyanka,6679,2,630.0,2,0.0,1.0,0.0
priyanka,6680,1,1190.0,1,0.0,1.0,0.0
priyanka,6681,1,670.0,1,0.0,1.0,0.0
priyanka,6682,1,51660.0,1,0.0,1.0,0.0
priyanka,6683,1,610.0,1,0.0,1.0,0.0
priyanka,6684,1,1070.0,1,0.0,1.0,0.0
priyanka,6685,2,1895.0,2,0.0,1.0,0.0
priyanka,6686,1,17340.0,1,0.0,1.0,0.0
priyanka,6687,3,30600.0,3,0.0,1.0,0.0
priyanka,6688,3,376.6666666666667,3,0.0,1.0,0.0
priyanka,6689,5,1128.0,5,0.0,1.0,0.0
priyanka,6690,2,735.0,2,0.0,1.0,0.0
priyanka,6691,2,950.0,2,0.0,1.0,0.0
priyanka,6692,3,736.6666666666666,3,0.0,1.0,0.0
priyanka,6693,2,1160.0,2,0.0,1.0,0.0
priyanka,6694,7,84591.42857142857,7,0.0,1.0,0.0
priyanka,6695,5,10294.0,5,0.0,1.0,0.0
priyanka,6696,8,32183.75,7,0.125,0.875,0.27465307216702745
priyanka,6697,3,23616.666666666668,3,0.0,1.0,0.0
priyanka,6698,1,210.0,1,0.0,1.0,0.0
priyanka,6699,1,380.0,1,0.0,1.0,0.0
priyanka,6700,1,380.0,1,0.0,1.0,0.0
priyanka,6701,1,840.0,1,0.0,1.0,0.0
priyanka,6702,1,190.0,1,0.0,1.0,0.0
priyanka,6703,1,80.0,1,0.0,1.0,0.0
priyanka,6704,1,270.0,1,0.0,1.0,0.0
priyanka,6705,2,1000.0,2,0.0,1.0,0.0
priyanka,6706,1,830.0,1,0.0,1.0,0.0
priyanka,6707,3,1540.0,3,0.0,1.0,0.0
priyanka,6708,1,680.0,1,0.0,1.0,0.0
priyanka,6709,1,230.0,1,0.0,1.0,0.0
priyanka,6710,1,620.0,1,0.0,1.0,0.0
priyanka,6711,1,200.0,1,0.0,1.0,0.0
priyanka,6712,1,1010.0,1,0.0,1.0,0.0
priyanka,6713,1,720.0,1,0.0,1.0,0.0
priyanka,6714,3,1636.6666666666667,3,0.0,1.0,0.0
priyanka,6715,1,1470.0,1,0.0,1.0,0.0
priyanka,6716,3,42132.333333333336,2,0.3333333333333333,0.6666666666666666,0.46209812037329684
priyanka,6717,1,550.0,1,0.0,1.0,0.0
priyanka,6718,1,7789.0,1,0.0,1.0,0.0
priyanka,6719,1,700.0,1,0.0,1.0,0.0
priyanka,6720,1,1230.0,1,0.0,1.0,0.0
priyanka,6721,1,560.0,1,0.0,1.0,0.0
priyanka,6722,1,24580.0,1,0.0,1.0,0.0
priyanka,6723,1,490.0,1,0.0,1.0,0.0
priyanka,6724,1,560.0,1,0.0,1.0,0.0
priyanka,6725,1,1110.0,1,0.0,1.0,0.0
priyanka,6726,2,87330.0,1,0.5,0.5,0.5493061443340549
priyanka,6727,1,140.0,1,0.0,1.0,0.0
priyanka,6728,2,550.0,2,0.0,1.0,0.0
priyanka,6729,1,640.0,1,0.0,1.0,0.0
priyanka,6730,1,620.0,1,0.0,1.0,0.0
priyanka,6731,1,110.0,1,0.0,1.0,0.0
priyanka,6732,1,980.0,1,0.0,1.0,0.0
priyanka,6733,1,860.0,1,0.0,1.0,0.0
priyanka,6734,2,56305.0,1,0.5,0.5,0.5493061443340549
priyanka,6735,1,100.0,1,0.0,1.0,0.0
priyanka,6736,1,240.0,1,0.0,1.0,0.0
priyanka,6737,1,360.0,1,0.0,1.0,0.0
priyanka,6738,2,670.0,2,0.0,1.0,0.0
priyanka,6739,1,450.0,1,0.0,1.0,0.0
priyanka,6740,36,72332.72222222222,23,0.3611111111111111,0.6388888888888888,1.3039425795659698
priyanka,6741,1,84542.0,0,1.0,0.0,0.6931471805599453
priyanka,6742,1,2260.0,1,0.0,1.0,0.0
priyanka,6743,3,10216.666666666666,3,0.0,1.0,0.0
priyanka,6744,2,920.0,2,0.0,1.0,0.0
priyanka,6745,2,885.0,2,0.0,1.0,0.0
priyanka,6746,1,920.0,1,0.0,1.0,0.0
priyanka,6747,3,630.0,3,0.0,1.0,0.0
priyanka,6748,2,294760.0,2,0.0,1.0,0.0
priyanka,6749,1,1320.0,1,0.0,1.0,0.0
priyanka,6750,1,1310.0,1,0.0,1.0,0.0
priyanka,6751,1,140.0,1,0.0,1.0,0.0
priyanka,6752,1,30260.0,1,0.0,1.0,0.0
priyanka,6753,2,114450.0,2,0.0,1.0,0.0
priyanka,6754,1,1150.0,1,0.0,1.0,0.0
priyanka,6755,2,52175.0,2,0.0,1.0,0.0
priyanka,6756,1,1150.0,1,0.0,1.0,0.0
priyanka,6757,1,1580.0,1,0.0,1.0,0.0
priyanka,6758,1,12587.0,0,0.0,0.0,0.0
priyanka,6759,14,28733.571428571428,14,0.0,1.0,0.0
priyanka,6760,1,690.0,1,0.0,1.0,0.0
priyanka,6761,1,800.0,1,0.0,1.0,0.0
priyanka,6762,1,720.0,1,0.0,1.0,0.0
priyanka,6763,1,670.0,1,0.0,1.0,0.0
priyanka,6764,1,610.0,1,0.0,1.0,0.0
priyanka,6765,1,88380.0,1,0.0,1.0,0.0
priyanka,6766,46,122750.54347826086,34,0.2391304347826087,0.7391304347826086,0.9206874699741444
priyanka,6767,1,18475.0,1,0.0,1.0,0.0
priyanka,6768,4,3264.25,4,0.0,1.0,0.0
priyanka,6769,6,12531.666666666666,6,0.0,1.0,0.0
priyanka,6770,2,1355.0,2,0.0,1.0,0.0
priyanka,6771,1,900.0,1,0.0,1.0,0.0
priyanka,6772,2,5365.0,2,0.0,1.0,0.0
priyanka,6773,1,34670.0,1,0.0,1.0,0.0
priyanka,6774,2,705.0,2,0.0,1.0,0.0
priyanka,6775,1,1280.0,1,0.0,1.0,0.0
priyanka,6776,1,270.0,1,0.0,1.0,0.0
priyanka,6777,1,720.0,1,0.0,1.0,0.0
priyanka,6778,1,720.0,1,0.0,1.0,0.0
priyanka,6779,3,25617.666666666668,3,0.0,1.0,0.0
priyanka,6780,1,533.0,1,0.0,1.0,0.0
priyanka,6781,4,26331.5,4,0.0,1.0,0.0
priyanka,6782,2,1472.0,2,0.0,1.0,0.0
priyanka,6783,1,8000.0,1,0.0,1.0,0.0
priyanka,6784,4,1283.25,4,0.0,1.0,0.0
priyanka,6785,14,3294.9285714285716,14,0.0,1.0,0.0
priyanka,6786,4,1022.5,4,0.0,1.0,0.0
priyanka,6787,3,81503.33333333333,3,0.0,1.0,0.0
priyanka,6788,7,106007.71428571429,5,0.2857142857142857,0.7142857142857143,0.5941261547656673
priyanka,6789,1,2550.0,1,0.0,1.0,0.0
priyanka,6790,3,750.0,3,0.0,1.0,0.0
priyanka,6791,1,850.0,1,0.0,1.0,0.0
priyanka,6792,1,510.0,1,0.0,1.0,0.0
priyanka,6793,3,46243.333333333336,3,0.0,1.0,0.0
priyanka,6794,2,655.0,2,0.0,1.0,0.0
priyanka,6795,1,1700.0,1,0.0,1.0,0.0
priyanka,6796,1,28100.0,1,0.0,1.0,0.0
priyanka,6797,1,5810.0,1,0.0,1.0,0.0
priyanka,6798,2,585.0,2,0.0,1.0,0.0
priyanka,6799,3,35683.333333333336,3,0.0,1.0,0.0
priyanka,6800,1,24240.0,1,0.0,1.0,0.0
priyanka,6801,1,47100.0,1,0.0,1.0,0.0
priyanka,6802,2,57120.0,1,0.5,0.5,0.5493061443340549
priyanka,6803,1,34220.0,1,0.0,1.0,0.0
priyanka,6804,1,30450.0,1,0.0,1.0,0.0
priyanka,6805,2,34400.0,2,0.0,1.0,0.0
priyanka,6806,2,665.0,2,0.0,1.0,0.0
priyanka,6807,1,760.0,1,0.0,1.0,0.0
priyanka,6808,2,34405.0,2,0.0,1.0,0.0
priyanka,6809,2,80625.0,2,0.0,1.0,0.0
priyanka,6810,1,730.0,1,0.0,1.0,0.0
priyanka,6811,1,1400.0,1,0.0,1.0,0.0
priyanka,6812,1,102890.0,1,0.0,1.0,0.0
priyanka,6813,1,9530.0,1,0.0,1.0,0.0
priyanka,6814,1,1230.0,1,0.0,1.0,0.0
priyanka,6815,2,32428.5,2,0.0,1.0,0.0
priyanka,6816,14,34862.857142857145,14,0.0,1.0,0.0
priyanka,6817,1,14460.0,1,0.0,1.0,0.0
priyanka,6818,1,810.0,1,0.0,1.0,0.0
priyanka,6819,1,25650.0,1,0.0,1.0,0.0
priyanka,6820,1,44300.0,1,0.0,1.0,0.0
priyanka,6821,1,4040.0,1,0.0,1.0,0.0
priyanka,6822,5,65446.0,4,0.2,0.8,0.358351893845611
priyanka,6823,1,1030.0,1,0.0,1.0,0.0
priyanka,6824,1,2720.0,1,0.0,1.0,0.0
priyanka,6825,1,850.0,1,0.0,1.0,0.0
priyanka,6826,1,880.0,1,0.0,1.0,0.0
priyanka,6827,1,250.0,1,0.0,1.0,0.0
priyanka,6828,2,2095.0,2,0.0,1.0,0.0
priyanka,6829,2,5510.0,2,0.0,1.0,0.0
priyanka,6830,2,22980.0,2,0.0,1.0,0.0
priyanka,6831,1,63550.0,1,0.0,1.0,0.0
priyanka,6832,1,29570.0,1,0.0,1.0,0.0
priyanka,6833,1,1940.0,1,0.0,1.0,0.0
priyanka,6834,1,7240.0,1,0.0,1.0,0.0
priyanka,6835,3,9973.333333333334,3,0.0,1.0,0.0
priyanka,6836,2,20880.0,2,0.0,1.0,0.0
priyanka,6837,1,1540.0,1,0.0,1.0,0.0
priyanka,6838,2,955.0,1,0.0,0.5,0.0
priyanka,6839,1,30010.0,1,0.0,1.0,0.0
priyanka,6840,1,29077.0,1,0.0,1.0,0.0
priyanka,6841,1,6927.0,1,0.0,1.0,0.0
priyanka,6842,1,690.0,1,0.0,1.0,0.0
priyanka,6843,1,55070.0,1,0.0,1.0,0.0
priyanka,6844,1,2750.0,1,0.0,1.0,0.0
priyanka,6845,1,3470.0,1,0.0,1.0,0.0
priyanka,6846,1,12050.0,1,0.0,1.0,0.0
priyanka,6847,1,760.0,1,0.0,1.0,0.0
priyanka,6848,1,58880.0,1,0.0,1.0,0.0
priyanka,6849,1,1790.0,1,0.0,1.0,0.0
priyanka,6850,1,4570.0,1,0.0,1.0,0.0
priyanka,6851,1,740.0,1,0.0,1.0,0.0
priyanka,6852,1,14900.0,1,0.0,1.0,0.0
priyanka,6853,1,7100.0,1,0.0,1.0,0.0
priyanka,6854,2,4315.0,2,0.0,1.0,0.0
priyanka,6855,1,55190.0,1,0.0,1.0,0.0
priyanka,6856,3,24600.0,3,0.0,1.0,0.0
priyanka,6857,2,11685.0,2,0.0,1.0,0.0
priyanka,6858,1,34190.0,1,0.0,1.0,0.0
priyanka,6859,1,122030.0,1,0.0,1.0,0.0
priyanka,6860,1,1880.0,1,0.0,1.0,0.0
priyanka,6861,1,1070.0,1,0.0,1.0,0.0
priyanka,6862,1,7170.0,1,0.0,1.0,0.0
priyanka,6863,1,9060.0,1,0.0,1.0,0.0
priyanka,6864,1,1440.0,1,0.0,1.0,0.0
priyanka,6865,1,7130.0,1,0.0,1.0,0.0
priyanka,6866,1,1480.0,1,0.0,1.0,0.0
priyanka,6867,1,860.0,1,0.0,1.0,0.0
priyanka,6868,1,27350.0,1,0.0,1.0,0.0
priyanka,6869,2,12835.0,2,0.0,1.0,0.0
priyanka,6870,1,700.0,1,0.0,1.0,0.0
priyanka,6871,1,960.0,1,0.0,1.0,0.0
priyanka,6872,2,6565.0,2,0.0,1.0,0.0
priyanka,6873,1,630.0,1,0.0,1.0,0.0
priyanka,6874,1,720.0,1,0.0,1.0,0.0
priyanka,6875,4,1782.5,4,0.0,1.0,0.0
priyanka,6876,1,3670.0,1,0.0,1.0,0.0
priyanka,6877,1,600.0,1,0.0,1.0,0.0
priyanka,6878,1,1400.0,1,0.0,1.0,0.0
priyanka,6879,1,6830.0,1,0.0,1.0,0.0
priyanka,6880,1,460.0,1,0.0,1.0,0.0
priyanka,6881,2,790.0,2,0.0,1.0,0.0
priyanka,6882,2,19040.0,2,0.0,1.0,0.0
priyanka,6883,1,83420.0,1,0.0,1.0,0.0
priyanka,6884,1,31250.0,1,0.0,1.0,0.0
priyanka,6885,3,8143.333333333333,3,0.0,1.0,0.0
priyanka,6886,1,555.0,1,0.0,1.0,0.0
priyanka,6887,1,3307.0,1,0.0,1.0,0.0
priyanka,6888,2,760.0,2,0.0,1.0,0.0
priyanka,6889,2,4175.0,2,0.0,1.0,0.0
priyanka,6890,1,900.0,1,0.0,1.0,0.0
priyanka,6891,2,12310.0,2,0.0,1.0,0.0
priyanka,6892,1,2240.0,1,0.0,1.0,0.0
priyanka,6893,1,55180.0,1,0.0,1.0,0.0
priyanka,6894,1,13390.0,1,0.0,1.0,0.0
priyanka,6895,1,290.0,1,0.0,1.0,0.0
priyanka,6896,12,26270.833333333332,12,0.0,1.0,0.0
priyanka,6897,1,890.0,1,0.0,1.0,0.0
priyanka,6898,2,915.0,2,0.0,1.0,0.0
priyanka,6899,1,1270.0,1,0.0,1.0,0.0
priyanka,6900,1,37800.0,1,0.0,1.0,0.0
priyanka,6901,2,34425.0,2,0.0,1.0,0.0
priyanka,6902,3,4090.0,3,0.0,1.0,0.0
priyanka,6903,2,43485.0,2,0.0,1.0,0.0
priyanka,6904,2,55230.0,2,0.0,1.0,0.0
priyanka,6905,2,570.0,2,0.0,1.0,0.0
priyanka,6906,1,640.0,1,0.0,1.0,0.0
priyanka,6907,2,1020.0,2,0.0,1.0,0.0
priyanka,6908,1,2120.0,1,0.0,1.0,0.0
priyanka,6909,2,2025.0,2,0.0,1.0,0.0
priyanka,6910,1,270.0,1,0.0,1.0,0.0
priyanka,6911,1,3770.0,1,0.0,1.0,0.0
priyanka,6912,1,1550.0,1,0.0,1.0,0.0
priyanka,6913,3,116412.0,2,0.3333333333333333,0.6666666666666666,0.46209812037329684
priyanka,6914,1,26200.0,1,0.0,1.0,0.0
priyanka,6915,2,1262.0,2,0.0,1.0,0.0
priyanka,6916,1,2190.0,1,0.0,1.0,0.0
priyanka,6917,1,610.0,1,0.0,1.0,0.0
priyanka,6918,1,720.0,1,0.0,1.0,0.0
priyanka,6919,1,1040.0,1,0.0,1.0,0.0
priyanka,6920,1,630.0,1,0.0,1.0,0.0
priyanka,6921,1,300.0,1,0.0,1.0,0.0
priyanka,6922,1,26120.0,0,0.0,0.0,0.0
priyanka,6923,1,100660.0,1,0.0,1.0,0.0
priyanka,6924,2,890.0,2,0.0,1.0,0.0
priyanka,6925,1,2700.0,1,0.0,1.0,0.0
priyanka,6926,1,300.0,1,0.0,1.0,0.0
priyanka,6927,1,230.0,1,0.0,1.0,0.0
priyanka,6928,2,820.0,2,0.0,1.0,0.0
priyanka,6929,1,230.0,1,0.0,1.0,0.0
priyanka,6930,1,77708.0,0,1.0,0.0,0.6931471805599453
priyanka,6931,2,940.0,2,0.0,1.0,0.0
priyanka,6932,2,380.0,2,0.0,1.0,0.0
priyanka,6933,2,1380.0,2,0.0,1.0,0.0
priyanka,6934,1,1690.0,1,0.0,1.0,0.0
priyanka,6935,2,1235.0,2,0.0,1.0,0.0
priyanka,6936,1,850.0,1,0.0,1.0,0.0
priyanka,6937,1,260.0,1,0.0,1.0,0.0
priyanka,6938,2,1005.0,2,0.0,1.0,0.0
priyanka,6939,2,14585.0,2,0.0,1.0,0.0
priyanka,6940,2,970.0,2,0.0,1.0,0.0
priyanka,6941,3,933.3333333333334,3,0.0,1.0,0.0
priyanka,6942,3,753.3333333333334,3,0.0,1.0,0.0
priyanka,6943,1,320.0,1,0.0,1.0,0.0
priyanka,6944,1,850.0,1,0.0,1.0,0.0
priyanka,6945,1,32870.0,1,0.0,1.0,0.0
priyanka,6946,2,775.0,2,0.0,1.0,0.0
priyanka,6947,1,670.0,1,0.0,1.0,0.0
priyanka,6948,1,930.0,1,0.0,1.0,0.0
priyanka,6949,2,1265.0,2,0.0,1.0,0.0
priyanka,6950,1,2830.0,1,0.0,1.0,0.0
priyanka,6951,2,41845.0,2,0.0,1.0,0.0
priyanka,6952,1,780.0,1,0.0,1.0,0.0
priyanka,6953,1,3650.0,1,0.0,1.0,0.0
priyanka,6954,1,820.0,1,0.0,1.0,0.0
priyanka,6955,1,1990.0,1,0.0,1.0,0.0
priyanka,6956,1,1080.0,1,0.0,1.0,0.0
priyanka,6957,1,2290.0,1,0.0,1.0,0.0
priyanka,6958,1,970.0,1,0.0,1.0,0.0
priyanka,6959,1,23360.0,1,0.0,1.0,0.0
priyanka,6960,1,1830.0,1,0.0,1.0,0.0
priyanka,6961,25,195017.44,23,0.08,0.92,0.26064772304171857
priyanka,6962,7,1215.7142857142858,7,0.0,1.0,0.0
priyanka,6963,4,37735.0,4,0.0,1.0,0.0
priyanka,6964,1,10510.0,1,0.0,1.0,0.0
priyanka,6965,1,1310.0,1,0.0,1.0,0.0
priyanka,6966,2,29425.0,2,0.0,1.0,0.0
priyanka,6967,8,7211.25,8,0.0,1.0,0.0
priyanka,6968,1,2600.0,1,0.0,1.0,0.0
priyanka,6969,3,8820.0,3,0.0,1.0,0.0
priyanka,6970,1,20360.0,1,0.0,1.0,0.0
priyanka,6971,1,12970.0,1,0.0,1.0,0.0
priyanka,6972,1,0.0,1,0.0,1.0,0.0
priyanka,6973,1,920.0,1,0.0,1.0,0.0
priyanka,6974,2,21800.0,2,0.0,1.0,0.0
priyanka,6975,1,750.0,1,0.0,1.0,0.0
priyanka,6976,1,800.0,1,0.0,1.0,0.0
priyanka,6977,2,1550.0,2,0.0,1.0,0.0
priyanka,6978,2,6689.5,2,0.0,1.0,0.0
priyanka,6979,1,750.0,1,0.0,1.0,0.0
priyanka,6980,1,160.0,1,0.0,1.0,0.0
priyanka,6981,1,650.0,1,0.0,1.0,0.0
priyanka,6982,1,108200.0,1,0.0,1.0,0.0
priyanka,6983,2,96480.0,1,0.5,0.5,0.5493061443340549
priyanka,6984,1,0.0,1,0.0,1.0,0.0
priyanka,6985,1,640.0,1,0.0,1.0,0.0
priyanka,6986,1,1000.0,1,0.0,1.0,0.0
priyanka,6987,2,640.0,2,0.0,1.0,0.0
priyanka,6988,4,2845.0,3,0.0,0.75,0.0
priyanka,6989,1,630.0,1,0.0,1.0,0.0
priyanka,6990,2,810.0,2,0.0,1.0,0.0
priyanka,6991,1,450.0,1,0.0,1.0,0.0
priyanka,6992,1,1750.0,1,0.0,1.0,0.0
priyanka,6993,1,7050.0,1,0.0,1.0,0.0
priyanka,6994,1,520.0,1,0.0,1.0,0.0
priyanka,6995,1,14870.0,1,0.0,1.0,0.0
priyanka,6996,2,2395.0,2,0.0,1.0,0.0
priyanka,6997,2,5350.0,2,0.0,1.0,0.0
priyanka,6998,1,6100.0,1,0.0,1.0,0.0
priyanka,6999,1,20100.0,1,0.0,1.0,0.0
priyanka,7000,1,610.0,1,0.0,1.0,0.0
priyanka,7001,1,940.0,1,0.0,1.0,0.0
priyanka,7002,1,23200.0,1,0.0,1.0,0.0
priyanka,7003,1,26650.0,1,0.0,1.0,0.0
priyanka,7004,1,1000.0,1,0.0,1.0,0.0
priyanka,7005,1,19660.0,1,0.0,1.0,0.0
priyanka,7006,1,1270.0,1,0.0,1.0,0.0
priyanka,7007,1,13580.0,1,0.0,1.0,0.0
priyanka,7008,2,18270.0,2,0.0,1.0,0.0
priyanka,7009,1,135040.0,1,0.0,1.0,0.0
priyanka,7010,1,16260.0,1,0.0,1.0,0.0
priyanka,7011,1,1000.0,1,0.0,1.0,0.0
priyanka,7012,1,19279.0,1,0.0,1.0,0.0
priyanka,7013,3,1023.3333333333334,3,0.0,1.0,0.0
priyanka,7014,1,830.0,1,0.0,1.0,0.0
priyanka,7015,1,610.0,1,0.0,1.0,0.0
priyanka,7016,1,450.0,1,0.0,1.0,0.0
priyanka,7017,1,830.0,1,0.0,1.0,0.0
priyanka,7018,14,29776.428571428572,14,0.0,1.0,0.0
priyanka,7019,1,1050.0,1,0.0,1.0,0.0
priyanka,7020,1,900.0,1,0.0,1.0,0.0
priyanka,7021,1,650.0,1,0.0,1.0,0.0
priyanka,7022,1,420.0,1,0.0,1.0,0.0
priyanka,7023,3,4810.0,3,0.0,1.0,0.0
priyanka,7024,1,14070.0,1,0.0,1.0,0.0
priyanka,7025,1,2990.0,1,0.0,1.0,0.0
priyanka,7026,1,13470.0,1,0.0,1.0,0.0
priyanka,7027,4,44742.5,4,0.0,1.0,0.0
priyanka,7028,1,760.0,1,0.0,1.0,0.0
priyanka,7029,1,9470.0,1,0.0,1.0,0.0
priyanka,7030,1,1510.0,1,0.0,1.0,0.0
priyanka,7031,1,580.0,1,0.0,1.0,0.0
priyanka,7032,1,2310.0,1,0.0,1.0,0.0
priyanka,7033,1,780.0,1,0.0,1.0,0.0
priyanka,7034,2,2925.0,2,0.0,1.0,0.0
priyanka,7035,1,15083.0,1,0.0,1.0,0.0
priyanka,7036,2,2195.0,2,0.0,1.0,0.0
priyanka,7037,1,700.0,1,0.0,1.0,0.0
priyanka,7038,1,810.0,1,0.0,1.0,0.0
priyanka,7039,2,1980.0,2,0.0,1.0,0.0
priyanka,7040,1,720.0,1,0.0,1.0,0.0
priyanka,7041,1,750.0,1,0.0,1.0,0.0
priyanka,7042,1,610.0,1,0.0,1.0,0.0
priyanka,7043,2,101045.0,2,0.0,1.0,0.0
priyanka,7044,2,655.0,2,0.0,1.0,0.0
priyanka,7045,1,5180.0,1,0.0,1.0,0.0
priyanka,7046,1,11240.0,1,0.0,1.0,0.0
priyanka,7047,1,47629.0,1,0.0,1.0,0.0
priyanka,7048,2,1380.0,2,0.0,1.0,0.0
priyanka,7049,1,8780.0,1,0.0,1.0,0.0
priyanka,7050,1,23750.0,1,0.0,1.0,0.0
priyanka,7051,1,4320.0,1,0.0,1.0,0.0
priyanka,7052,3,43310.0,3,0.0,1.0,0.0
priyanka,7053,1,1600.0,1,0.0,1.0,0.0
priyanka,7054,1,820.0,1,0.0,1.0,0.0
priyanka,7055,1,80550.0,1,0.0,1.0,0.0
priyanka,7056,1,3340.0,1,0.0,1.0,0.0
priyanka,7057,2,48065.0,2,0.0,1.0,0.0
priyanka,7058,1,390.0,1,0.0,1.0,0.0
priyanka,7059,1,1240.0,1,0.0,1.0,0.0
priyanka,7060,2,87750.0,2,0.0,1.0,0.0
priyanka,7061,1,1030.0,1,0.0,1.0,0.0
priyanka,7062,1,930.0,1,0.0,1.0,0.0
priyanka,7063,1,890.0,1,0.0,1.0,0.0
priyanka,7064,1,3580.0,1,0.0,1.0,0.0
priyanka,7065,1,3560.0,1,0.0,1.0,0.0
priyanka,7066,1,21140.0,1,0.0,1.0,0.0
priyanka,7067,2,1040.0,2,0.0,1.0,0.0
riya,30,1,76463.0,1,0.0,1.0,0.0
riya,66,1,1088.0,1,0.0,1.0,0.0
riya,85,4,126121.75,2,0.5,0.5,0.8047189562170501
riya,111,5,120159.0,2,0.6,0.4,1.0750556815368328
riya,198,3,122760.66666666667,2,0.3333333333333333,0.6666666666666666,0.46209812037329684
riya,337,2,59767.5,2,0.0,1.0,0.0
riya,346,4,36975.25,4,0.0,1.0,0.0
riya,352,3,2789.6666666666665,3,0.0,1.0,0.0
riya,392,2,13433.0,2,0.0,1.0,0.0
riya,449,2,24223.0,2,0.0,1.0,0.0
riya,460,2,108072.0,1,0.5,0.5,0.5493061443340549
riya,510,4,16249.75,4,0.0,1.0,0.0
riya,522,2,65961.5,1,0.5,0.5,0.5493061443340549
riya,580,1,14506.0,0,0.0,0.0,0.0
riya,637,1,226073.0,0,1.0,0.0,0.6931471805599453
riya,643,1,882.0,1,0.0,1.0,0.0
riya,681,1,201640.0,0,1.0,0.0,0.6931471805599453
riya,720,1,286256.0,0,1.0,0.0,0.6931471805599453
riya,721,2,4588.0,2,0.0,1.0,0.0
riya,792,3,55396.333333333336,3,0.0,1.0,0.0
riya,878,1,4388.0,1,0.0,1.0,0.0
riya,926,1,952.0,1,0.0,1.0,0.0
riya,944,1,1254.0,1,0.0,1.0,0.0
riya,947,10,95082.0,6,0.4,0.6,0.9591581091193483
riya,972,1,135001.0,1,0.0,1.0,0.0
riya,988,2,32175.0,2,0.0,1.0,0.0
riya,1060,1,106347.0,1,0.0,1.0,0.0
riya,1126,2,140154.0,1,0.5,0.5,0.5493061443340549
riya,1175,1,9613.0,1,0.0,1.0,0.0
riya,1176,13,146585.53846153847,5,0.6153846153846154,0.38461538461538464,1.624035279763236
riya,1256,1,882.0,1,0.0,1.0,0.0
riya,1348,1,2926.0,1,0.0,1.0,0.0
riya,1360,1,836.0,1,0.0,1.0,0.0
riya,1400,2,139280.0,1,0.5,0.5,0.5493061443340549
riya,1463,3,959.6666666666666,3,0.0,1.0,0.0
riya,1471,2,9253.0,2,0.0,1.0,0.0
riya,1475,9,91275.11111111111,5,0.4444444444444444,0.5555555555555556,1.023371152441798
riya,1528,1,1974.0,1,0.0,1.0,0.0
riya,1546,2,52888.5,2,0.0,1.0,0.0
riya,1567,2,208913.0,0,1.0,0.0,1.0986122886681098
riya,1628,1,78323.0,0,1.0,0.0,0.6931471805599453
riya,1812,2,110338.5,1,0.5,0.5,0.5493061443340549
riya,1813,1,230192.0,0,1.0,0.0,0.6931471805599453
riya,1871,3,22439.333333333332,3,0.0,1.0,0.0
riya,1927,3,46683.0,3,0.0,1.0,0.0
riya,1930,1,743.0,1,0.0,1.0,0.0
riya,1982,3,64750.0,2,0.3333333333333333,0.6666666666666666,0.46209812037329684
riya,2180,6,82219.83333333333,3,0.3333333333333333,0.5,0.648636716351771
riya,2181,4,202397.25,1,0.75,0.25,1.2070784343255752
riya,2195,1,87098.0,1,0.0,1.0,0.0
riya,2207,1,3158.0,1,0.0,1.0,0.0
riya,2217,4,79257.25,4,0.0,1.0,0.0
riya,2233,3,4076.3333333333335,3,0.0,1.0,0.0
riya,2408,3,50040.333333333336,3,0.0,1.0,0.0
riya,2490,4,11737.5,4,0.0,1.0,0.0
riya,2515,1,395.0,1,0.0,1.0,0.0
riya,2517,1,172119.0,0,1.0,0.0,0.6931471805599453
riya,2519,9,152088.55555555556,2,0.7777777777777778,0.2222222222222222,1.7908995167731467
riya,2521,3,9667.333333333334,3,0.0,1.0,0.0
riya,2523,1,141055.0,0,1.0,0.0,0.6931471805599453
riya,2525,2,32652.0,2,0.0,1.0,0.0
riya,2533,3,181839.66666666666,0,1.0,0.0,1.3862943611198906
riya,2535,3,126432.0,1,0.6666666666666666,0.3333333333333333,0.9241962407465937
riya,2537,1,153110.0,0,1.0,0.0,0.6931471805599453
riya,2539,1,0.0,1,0.0,1.0,0.0
riya,2548,2,121310.5,1,0.5,0.5,0.5493061443340549
riya,2549,5,88457.4,3,0.4,0.6,0.716703787691222
riya,2554,2,1010.0,2,0.0,1.0,0.0
riya,2560,1,205264.0,0,1.0,0.0,0.6931471805599453
riya,2564,1,247455.0,0,1.0,0.0,0.6931471805599453
riya,2566,3,4364.666666666667,3,0.0,1.0,0.0
riya,2570,2,1161.0,2,0.0,1.0,0.0
riya,2575,3,151720.33333333334,1,0.6666666666666666,0.3333333333333333,0.9241962407465937
riya,2578,2,4247.0,2,0.0,1.0,0.0
riya,2579,4,9239.0,4,0.0,1.0,0.0
riya,2581,2,109200.0,1,0.5,0.5,0.5493061443340549
riya,2644,1,116059.0,0,1.0,0.0,0.6931471805599453
riya,2647,2,53512.5,2,0.0,1.0,0.0
riya,2662,3,3248.0,3,0.0,1.0,0.0
riya,2679,1,600.0,1,0.0,1.0,0.0
riya,2704,3,41890.333333333336,2,0.3333333333333333,0.6666666666666666,0.46209812037329684
riya,2707,1,7704.0,1,0.0,1.0,0.0
riya,2711,3,129473.33333333333,0,1.0,0.0,1.3862943611198906
riya,2716,2,80051.0,2,0.0,1.0,0.0
riya,2727,1,882.0,1,0.0,1.0,0.0
riya,2734,2,108656.5,1,0.5,0.5,0.5493061443340549
riya,2741,2,212000.0,0,1.0,0.0,1.0986122886681098
riya,2755,2,78740.0,1,0.5,0.5,0.5493061443340549
riya,2756,1,173330.0,0,1.0,0.0,0.6931471805599453
riya,2771,1,1300.0,1,0.0,1.0,0.0
riya,2774,3,37158.666666666664,3,0.0,1.0,0.0
riya,2777,5,32039.4,3,0.4,0.6,0.716703787691222
riya,2781,1,1161.0,1,0.0,1.0,0.0
riya,2782,1,185000.0,0,1.0,0.0,0.6931471805599453
riya,2789,3,15460.0,3,0.0,1.0,0.0
riya,2792,2,158359.5,0,1.0,0.0,1.0986122886681098
riya,2793,2,52397.0,1,0.5,0.5,0.5493061443340549
riya,2794,6,158798.5,1,0.8333333333333334,0.16666666666666666,1.6215917908794277
riya,2795,3,113463.0,1,0.6666666666666666,0.3333333333333333,0.9241962407465937
riya,2798,3,793.6666666666666,3,0.0,1.0,0.0
riya,2802,5,167116.6,1,0.8,0.2,1.433407575382444
riya,2803,4,101350.5,2,0.5,0.5,0.8047189562170501
riya,2804,2,32438.0,2,0.0,1.0,0.0
riya,2806,6,101044.0,3,0.5,0.5,0.9729550745276566
riya,2809,3,237465.0,1,0.6666666666666666,0.3333333333333333,0.9241962407465937
riya,2810,1,5236.0,1,0.0,1.0,0.0
riya,2812,1,10886.0,1,0.0,1.0,0.0
riya,2814,2,177352.0,1,0.5,0.5,0.5493061443340549
riya,2824,4,152923.75,0,1.0,0.0,1.6094379124341003
riya,2832,1,100857.0,1,0.0,1.0,0.0
riya,2837,1,209931.0,1,0.0,1.0,0.0
riya,2846,1,6896.0,1,0.0,1.0,0.0
riya,2847,3,11161.333333333334,3,0.0,1.0,0.0
riya,2874,2,8312.5,2,0.0,1.0,0.0
riya,2883,1,2183.0,1,0.0,1.0,0.0
riya,2891,1,4156.0,1,0.0,1.0,0.0
riya,2896,1,10110.0,1,0.0,1.0,0.0
riya,2902,1,38054.0,1,0.0,1.0,0.0
riya,2916,3,107640.66666666667,1,0.6666666666666666,0.3333333333333333,0.9241962407465937
riya,2928,1,13599.0,1,0.0,1.0,0.0
riya,2934,3,55226.333333333336,2,0.3333333333333333,0.6666666666666666,0.46209812037329684
riya,2936,4,140920.0,0,0.75,0.0,1.2070784343255752
riya,2938,4,55246.5,3,0.25,0.75,0.40235947810852507
riya,2943,2,117009.0,1,0.5,0.5,0.5493061443340549
riya,2948,2,109386.5,1,0.5,0.5,0.5493061443340549
riya,2949,4,39097.5,4,0.0,1.0,0.0
riya,2958,1,91075.0,1,0.0,1.0,0.0
riya,2963,1,76060.0,1,0.0,1.0,0.0
riya,2968,1,950.0,1,0.0,1.0,0.0
riya,2971,2,30583.0,1,0.5,0.5,0.5493061443340549
riya,2973,1,18994.0,1,0.0,1.0,0.0
riya,2974,1,65217.0,1,0.0,1.0,0.0
riya,2984,2,27772.5,2,0.0,1.0,0.0
riya,2990,1,218013.0,0,1.0,0.0,0.6931471805599453
riya,2992,2,27656.5,1,0.5,0.5,0.5493061443340549
riya,3008,1,129698.0,0,1.0,0.0,0.6931471805599453
riya,3010,1,286386.0,0,1.0,0.0,0.6931471805599453
riya,3011,1,790.0,1,0.0,1.0,0.0
riya,3016,1,245853.0,0,1.0,0.0,0.6931471805599453
riya,3029,5,102017.4,3,0.4,0.6,0.716703787691222
riya,3031,1,182346.0,0,1.0,0.0,0.6931471805599453
riya,3033,1,118677.0,1,0.0,1.0,0.0
riya,3034,3,6330.666666666667,3,0.0,1.0,0.0
riya,3036,4,29720.5,3,0.25,0.75,0.40235947810852507
riya,3041,2,156478.0,0,1.0,0.0,1.0986122886681098
riya,3044,3,64247.666666666664,1,0.3333333333333333,0.3333333333333333,0.46209812037329684
riya,3053,1,1277.0,1,0.0,1.0,0.0
riya,3054,3,45717.333333333336,2,0.3333333333333333,0.6666666666666666,0.46209812037329684
riya,3064,1,262146.0,0,1.0,0.0,0.6931471805599453
riya,3077,1,8150.0,1,0.0,1.0,0.0
riya,3082,2,87880.0,1,0.5,0.5,0.5493061443340549
riya,3083,1,0.0,1,0.0,1.0,0.0
riya,3125,3,45562.0,2,0.3333333333333333,0.6666666666666666,0.46209812037329684
riya,3126,3,119343.66666666667,1,0.6666666666666666,0.3333333333333333,0.9241962407465937
riya,3129,1,223733.0,0,1.0,0.0,0.6931471805599453
riya,3131,3,5585.333333333333,2,0.0,0.6666666666666666,0.0
riya,3133,2,74717.5,1,0.5,0.5,0.5493061443340549
riya,3138,1,112495.0,0,1.0,0.0,0.6931471805599453
riya,3139,5,56951.6,5,0.0,1.0,0.0
riya,3142,3,20789.666666666668,3,0.0,1.0,0.0
riya,3148,3,71198.33333333333,2,0.3333333333333333,0.6666666666666666,0.46209812037329684
riya,3152,1,0.0,1,0.0,1.0,0.0
riya,3155,2,195600.0,0,1.0,0.0,1.0986122886681098
riya,3159,5,53994.0,3,0.2,0.6,0.358351893845611
riya,3160,1,204705.0,0,1.0,0.0,0.6931471805599453
riya,3194,1,950.0,1,0.0,1.0,0.0
riya,3252,5,173000.0,0,1.0,0.0,1.791759469228055
riya,3253,3,11786.333333333334,3,0.0,1.0,0.0
riya,3254,20,99751.9,4,0.8,0.2,2.4356179501787385
riya,3255,6,165435.66666666666,2,0.6666666666666666,0.3333333333333333,1.297273432703542
riya,3256,3,96636.0,2,0.3333333333333333,0.6666666666666666,0.46209812037329684
riya,3257,4,79474.25,3,0.25,0.75,0.40235947810852507
riya,3258,34,249976.67647058822,5,0.8235294117647058,0.14705882352941177,2.927933697697164
riya,3259,6,30509.166666666668,6,0.0,1.0,0.0
riya,3260,7,69453.85714285714,6,0.14285714285714285,0.8571428571428571,0.29706307738283366
riya,3261,40,167268.425,8,0.8,0.2,2.9708576533634465
riya,3262,6,6281.5,6,0.0,1.0,0.0
riya,3263,4,804.75,4,0.0,1.0,0.0
riya,3264,9,25633.444444444445,8,0.1111111111111111,0.8888888888888888,0.2558427881104495
riya,3265,4,1490.0,4,0.0,1.0,0.0
riya,3266,6,22358.666666666668,6,0.0,1.0,0.0
riya,3267,2,55388.0,1,0.5,0.5,0.5493061443340549
riya,3268,16,185024.375,6,0.625,0.375,1.770758340035135
riya,3269,4,179420.0,2,0.5,0.5,0.8047189562170501
riya,3270,6,68626.5,4,0.3333333333333333,0.6666666666666666,0.648636716351771
riya,3271,7,60007.28571428572,6,0.14285714285714285,0.8571428571428571,0.29706307738283366
riya,3272,4,63375.25,3,0.25,0.75,0.40235947810852507
riya,3273,12,207941.58333333334,6,0.5,0.5,1.2824746787307684
riya,3274,13,163814.07692307694,3,0.6923076923076923,0.23076923076923078,1.8270396897336403
riya,3275,3,144512.66666666666,1,0.6666666666666666,0.3333333333333333,0.9241962407465937
riya,3276,3,67649.66666666667,2,0.3333333333333333,0.6666666666666666,0.46209812037329684
riya,3277,2,140536.0,0,1.0,0.0,1.0986122886681098
riya,3278,3,51336.666666666664,2,0.3333333333333333,0.6666666666666666,0.46209812037329684
riya,3279,2,58973.5,2,0.0,1.0,0.0
riya,3280,3,5062.333333333333,3,0.0,1.0,0.0
riya,3281,12,164827.0,4,0.6666666666666666,0.3333333333333333,1.709966238307691
riya,3282,3,79693.66666666667,2,0.3333333333333333,0.6666666666666666,0.46209812037329684
riya,3283,4,750.25,4,0.0,1.0,0.0
riya,3284,2,28816.0,2,0.0,1.0,0.0
riya,3285,1,810.0,1,0.0,1.0,0.0
riya,3286,3,139214.66666666666,1,0.6666666666666666,0.3333333333333333,0.9241962407465937
riya,3287,5,26614.0,4,0.2,0.8,0.358351893845611
riya,3288,6,86536.33333333333,4,0.3333333333333333,0.6666666666666666,0.648636716351771
riya,3289,3,1261.0,3,0.0,1.0,0.0
riya,3290,5,112652.4,1,0.8,0.2,1.433407575382444
riya,3291,3,1185.0,3,0.0,1.0,0.0
riya,3292,5,67548.8,3,0.4,0.6,0.716703787691222
riya,3293,2,11620.0,2,0.0,1.0,0.0
riya,3294,4,228968.75,1,0.75,0.25,1.2070784343255752
riya,3295,6,63221.0,4,0.3333333333333333,0.6666666666666666,0.648636716351771
riya,3296,2,242213.0,0,1.0,0.0,1.0986122886681098
riya,3297,6,12745.666666666666,6,0.0,1.0,0.0
riya,3298,6,160000.0,0,1.0,0.0,1.9459101490553132
riya,3299,6,140371.83333333334,3,0.5,0.5,0.9729550745276566
riya,3300,4,5352.0,4,0.0,1.0,0.0
riya,3301,10,63344.6,10,0.0,1.0,0.0
riya,3302,6,108766.0,2,0.6666666666666666,0.3333333333333333,1.297273432703542
riya,3303,6,26292.166666666668,6,0.0,1.0,0.0
riya,3304,4,46846.25,4,0.0,1.0,0.0
riya,3305,3,89927.33333333333,2,0.3333333333333333,0.6666666666666666,0.46209812037329684
riya,3306,6,2596.8333333333335,6,0.0,1.0,0.0
riya,3307,4,130019.0,2,0.5,0.5,0.8047189562170501
riya,3308,2,123813.0,0,1.0,0.0,1.0986122886681098
riya,3309,1,71447.0,1,0.0,1.0,0.0
riya,3310,9,137222.77777777778,2,0.7777777777777778,0.2222222222222222,1.7908995167731467
riya,3311,2,134528.0,1,0.5,0.5,0.5493061443340549
riya,3312,4,9573.5,4,0.0,1.0,0.0
riya,3313,4,190523.25,1,0.75,0.25,1.2070784343255752
riya,3314,5,149089.8,3,0.4,0.6,0.716703787691222
riya,3315,6,14605.833333333334,6,0.0,1.0,0.0
riya,3316,4,93138.25,2,0.5,0.5,0.8047189562170501
riya,3317,5,47558.8,4,0.2,0.8,0.358351893845611
riya,3318,3,156404.66666666666,2,0.3333333333333333,0.6666666666666666,0.46209812037329684
riya,3319,5,1219.8,5,0.0,1.0,0.0
riya,3320,4,3180.25,4,0.0,1.0,0.0
riya,3321,7,23209.285714285714,7,0.0,1.0,0.0
riya,3322,4,3092.5,4,0.0,1.0,0.0
riya,3323,2,1609.0,2,0.0,1.0,0.0
riya,3324,4,132535.0,1,0.75,0.25,1.2070784343255752
riya,3325,6,88945.16666666667,4,0.3333333333333333,0.6666666666666666,0.648636716351771
riya,3326,5,54588.0,4,0.2,0.8,0.358351893845611
riya,3327,31,142235.64516129033,11,0.6451612903225806,0.3548387096774194,2.2359586469675654
riya,3328,4,16109.0,4,0.0,1.0,0.0
riya,3329,18,155331.5,1,0.9444444444444444,0.05555555555555555,2.780859035879416
riya,3330,11,53748.454545454544,6,0.45454545454545453,0.5454545454545454,1.1295030226309093
riya,3331,3,112596.66666666667,2,0.3333333333333333,0.6666666666666666,0.46209812037329684
riya,3332,4,164300.5,1,0.75,0.25,1.2070784343255752
riya,3333,3,22778.666666666668,3,0.0,1.0,0.0
riya,3334,7,45090.71428571428,7,0.0,1.0,0.0
riya,3335,4,1661.5,4,0.0,1.0,0.0
riya,3336,11,62032.181818181816,7,0.2727272727272727,0.6363636363636364,0.6777018135785455
riya,3337,3,83042.0,2,0.3333333333333333,0.6666666666666666,0.46209812037329684
riya,3338,2,1144.0,2,0.0,1.0,0.0
riya,3339,6,28405.5,5,0.16666666666666666,0.8333333333333334,0.3243183581758855
riya,3340,4,180357.25,1,0.5,0.25,0.8047189562170501
riya,3341,5,160941.0,0,1.0,0.0,1.791759469228055
riya,3342,3,296256.0,1,0.6666666666666666,0.3333333333333333,0.9241962407465937
riya,3343,7,63648.28571428572,5,0.2857142857142857,0.7142857142857143,0.5941261547656673
riya,3344,4,40419.0,3,0.25,0.75,0.40235947810852507
riya,3345,1,630.0,1,0.0,1.0,0.0
riya,3346,5,130079.4,2,0.6,0.4,1.0750556815368328
riya,3347,10,48098.2,9,0.1,0.9,0.23978952727983707
riya,3348,5,84806.6,2,0.4,0.4,0.716703787691222
riya,3349,4,103552.25,3,0.25,0.75,0.40235947810852507
riya,3350,6,63706.0,5,0.16666666666666666,0.8333333333333334,0.3243183581758855
riya,3351,3,54407.0,2,0.3333333333333333,0.6666666666666666,0.46209812037329684
riya,3352,8,48161.875,6,0.25,0.75,0.5493061443340549
riya,3353,5,4230.8,5,0.0,1.0,0.0
riya,3354,54,258248.2962962963,8,0.8518518518518519,0.14814814814814814,3.413654194827661
riya,3355,57,235591.05263157896,8,0.8421052631578947,0.14035087719298245,3.4193204299338262
riya,3356,1,152500.0,0,1.0,0.0,0.6931471805599453
riya,3357,1,148848.0,1,0.0,1.0,0.0
riya,3358,4,106002.5,2,0.5,0.5,0.8047189562170501
riya,3359,2,102016.5,2,0.0,1.0,0.0
riya,3360,1,404213.0,0,1.0,0.0,0.6931471805599453
riya,3361,16,167166.875,3,0.8125,0.1875,2.3019858420456756
riya,3362,3,191527.33333333334,0,1.0,0.0,1.3862943611198906
riya,3363,3,114030.0,1,0.6666666666666666,0.3333333333333333,0.9241962407465937
riya,3364,1,18280.0,1,0.0,1.0,0.0
riya,3365,3,16046.333333333334,3,0.0,1.0,0.0
riya,3366,3,28225.0,3,0.0,1.0,0.0
riya,3367,3,84117.66666666667,2,0.3333333333333333,0.6666666666666666,0.46209812037329684
riya,3368,3,87059.33333333333,2,0.3333333333333333,0.6666666666666666,0.46209812037329684
riya,3369,5,66018.4,4,0.2,0.8,0.358351893845611
riya,3370,3,465660.6666666667,0,1.0,0.0,1.3862943611198906
riya,3371,5,6787.6,5,0.0,1.0,0.0
riya,3372,8,84461.625,4,0.5,0.5,1.0986122886681098
riya,3373,4,15431.5,4,0.0,1.0,0.0
riya,3374,2,1555.5,2,0.0,1.0,0.0
riya,3375,7,8572.142857142857,7,0.0,1.0,0.0
riya,3376,2,5084.0,2,0.0,1.0,0.0
riya,3377,6,72970.66666666667,4,0.3333333333333333,0.6666666666666666,0.648636716351771
riya,3378,3,3807.6666666666665,3,0.0,1.0,0.0
riya,3379,5,51295.0,4,0.2,0.8,0.358351893845611
riya,3380,7,40744.28571428572,5,0.2857142857142857,0.7142857142857143,0.5941261547656673
riya,3381,2,101131.0,1,0.5,0.5,0.5493061443340549
riya,3382,1,54827.0,1,0.0,1.0,0.0
riya,3383,6,77539.5,4,0.3333333333333333,0.6666666666666666,0.648636716351771
riya,3384,6,85169.33333333333,4,0.3333333333333333,0.6666666666666666,0.648636716351771
riya,3385,2,104236.5,1,0.5,0.5,0.5493061443340549
riya,3386,4,230309.0,0,1.0,0.0,1.6094379124341003
riya,3387,1,58682.0,1,0.0,1.0,0.0
riya,3388,3,29200.666666666668,3,0.0,1.0,0.0
riya,3389,2,2169.5,2,0.0,1.0,0.0
riya,3390,4,205522.0,2,0.5,0.5,0.8047189562170501
riya,3391,6,71091.33333333333,4,0.3333333333333333,0.6666666666666666,0.648636716351771
riya,3392,6,96358.5,4,0.16666666666666666,0.6666666666666666,0.3243183581758855
riya,3393,7,110073.0,2,0.7142857142857143,0.2857142857142857,1.4853153869141684
riya,3394,3,2854.0,3,0.0,1.0,0.0
riya,3395,7,118330.0,5,0.2857142857142857,0.7142857142857143,0.5941261547656673
riya,3396,5,98694.8,3,0.4,0.6,0.716703787691222
riya,3397,1,1220.0,1,0.0,1.0,0.0
riya,3398,3,1405.0,3,0.0,1.0,0.0
riya,3399,3,59506.666666666664,2,0.3333333333333333,0.6666666666666666,0.46209812037329684
riya,3400,7,73430.14285714286,4,0.42857142857142855,0.5714285714285714,0.891189232148501
riya,3401,7,46151.28571428572,6,0.14285714285714285,0.8571428571428571,0.29706307738283366
riya,3402,6,283565.8333333333,2,0.6666666666666666,0.3333333333333333,1.297273432703542
riya,3403,4,6981.5,4,0.0,1.0,0.0
riya,3404,3,9440.0,3,0.0,1.0,0.0
riya,3405,5,129623.2,3,0.4,0.6,0.716703787691222
riya,3406,9,48786.77777777778,7,0.2222222222222222,0.7777777777777778,0.511685576220899
riya,3407,3,3345.6666666666665,3,0.0,1.0,0.0
riya,3408,3,13184.666666666666,3,0.0,1.0,0.0
riya,3409,5,14685.4,5,0.0,1.0,0.0
riya,3410,6,6205.0,5,0.0,0.8333333333333334,0.0
riya,3411,15,154343.2,4,0.7333333333333333,0.26666666666666666,2.033231729642506
riya,3412,4,60806.5,3,0.25,0.75,0.40235947810852507
riya,3413,6,91061.66666666667,4,0.3333333333333333,0.6666666666666666,0.648636716351771
riya,3414,4,125594.25,1,0.75,0.25,1.2070784343255752
riya,3415,4,25545.75,3,0.25,0.75,0.40235947810852507
riya,3416,4,26305.0,3,0.0,0.75,0.0
riya,3417,5,121466.0,2,0.6,0.4,1.0750556815368328
riya,3418,3,45572.666666666664,2,0.3333333333333333,0.6666666666666666,0.46209812037329684
riya,3419,4,3867.75,4,0.0,1.0,0.0
riya,3420,4,66508.75,3,0.25,0.75,0.40235947810852507
riya,3421,8,107739.25,7,0.125,0.875,0.27465307216702745
riya,3422,2,1068.0,2,0.0,1.0,0.0
riya,3423,3,934.0,3,0.0,1.0,0.0
riya,3424,8,2372.125,8,0.0,1.0,0.0
riya,3425,2,126365.0,1,0.5,0.5,0.5493061443340549
riya,3426,4,151145.5,1,0.75,0.25,1.2070784343255752
riya,3427,5,79774.6,4,0.2,0.8,0.358351893845611
riya,3428,5,80464.6,4,0.2,0.8,0.358351893845611
riya,3429,4,51083.75,3,0.25,0.75,0.40235947810852507
riya,3430,3,62407.0,2,0.3333333333333333,0.6666666666666666,0.46209812037329684
riya,3431,3,19298.666666666668,3,0.0,1.0,0.0
riya,3432,4,54598.5,3,0.25,0.75,0.40235947810852507
riya,3433,5,182399.4,1,0.8,0.2,1.433407575382444
riya,3434,6,32125.5,5,0.16666666666666666,0.8333333333333334,0.3243183581758855
riya,3435,1,1045.0,1,0.0,1.0,0.0
riya,3436,3,1355.3333333333333,3,0.0,1.0,0.0
riya,3437,1,208760.0,0,1.0,0.0,0.6931471805599453
riya,3438,2,6070.5,2,0.0,1.0,0.0
riya,3439,6,147014.5,1,0.8333333333333334,0.16666666666666666,1.6215917908794277
riya,3440,3,79121.33333333333,2,0.3333333333333333,0.6666666666666666,0.46209812037329684
riya,3441,1,15051.0,1,0.0,1.0,0.0
riya,3442,4,60953.75,3,0.25,0.75,0.40235947810852507
riya,3443,8,75282.625,7,0.125,0.875,0.27465307216702745
riya,3444,2,131851.5,1,0.5,0.5,0.5493061443340549
riya,3445,3,187559.33333333334,1,0.6666666666666666,0.3333333333333333,0.9241962407465937
riya,3446,14,172634.64285714287,0,0.9285714285714286,0.0,2.5146180438806236
riya,3447,1,3883.0,1,0.0,1.0,0.0
riya,3448,1,219884.0,0,1.0,0.0,0.6931471805599453
riya,3449,3,217773.0,0,1.0,0.0,1.3862943611198906
riya,3450,3,94938.33333333333,2,0.3333333333333333,0.6666666666666666,0.46209812037329684
riya,3451,7,203138.57142857142,1,0.8571428571428571,0.14285714285714285,1.782378464297002
riya,3452,2,342586.5,0,1.0,0.0,1.0986122886681098
riya,3453,2,238493.0,0,1.0,0.0,1.0986122886681098
riya,3454,3,36161.333333333336,2,0.3333333333333333,0.6666666666666666,0.46209812037329684
riya,3455,1,10325.0,1,0.0,1.0,0.0
riya,3456,6,98310.0,4,0.3333333333333333,0.6666666666666666,0.648636716351771
riya,3457,4,78561.0,3,0.25,0.75,0.40235947810852507
riya,3458,12,141683.08333333334,3,0.75,0.25,1.9237120180961527
riya,3459,4,230467.25,0,1.0,0.0,1.6094379124341003
riya,3460,19,155808.31578947368,10,0.47368421052631576,0.5263157894736842,1.4190310769466272
riya,3461,2,34732.0,2,0.0,1.0,0.0
riya,3462,21,201522.95238095237,4,0.7619047619047619,0.19047619047619047,2.355079964463479
riya,3463,17,202419.58823529413,3,0.7058823529411765,0.17647058823529413,2.0402624173384694
riya,3464,23,243806.1739130435,2,0.9130434782608695,0.08695652173913043,2.9017013233611677
riya,3465,21,194974.7619047619,3,0.8571428571428571,0.14285714285714285,2.6494649600214135
riya,3466,2,4046.0,2,0.0,1.0,0.0
riya,3467,1,1184.0,1,0.0,1.0,0.0
riya,3468,22,214692.45454545456,0,1.0,0.0,3.1354942159291497
riya,3469,2,4384.5,2,0.0,1.0,0.0
riya,3470,2,207892.5,1,0.5,0.5,0.5493061443340549
riya,3471,3,158311.66666666666,1,0.6666666666666666,0.3333333333333333,0.9241962407465937
riya,3472,7,136437.42857142858,4,0.42857142857142855,0.5714285714285714,0.891189232148501
riya,3473,1,7788.0,1,0.0,1.0,0.0
riya,3474,1,63042.0,1,0.0,1.0,0.0
riya,3475,2,69178.5,1,0.5,0.5,0.5493061443340549
riya,3476,2,139435.0,1,0.5,0.5,0.5493061443340549
riya,3477,5,14642.4,5,0.0,1.0,0.0
riya,3478,5,93110.6,3,0.4,0.6,0.716703787691222
riya,3479,2,11604.0,2,0.0,1.0,0.0
riya,3480,3,66912.66666666667,2,0.3333333333333333,0.6666666666666666,0.46209812037329684
riya,3481,2,27528.5,2,0.0,1.0,0.0
riya,3482,5,71308.2,3,0.4,0.6,0.716703787691222
riya,3483,4,3557.25,4,0.0,1.0,0.0
riya,3484,2,2101.0,2,0.0,1.0,0.0
riya,3485,4,242158.0,2,0.5,0.5,0.8047189562170501
riya,3486,1,835.0,1,0.0,1.0,0.0
riya,3487,5,41899.4,4,0.2,0.8,0.358351893845611
riya,3488,2,1776.0,2,0.0,1.0,0.0
riya,3489,2,1131.5,2,0.0,1.0,0.0
riya,3490,4,95861.25,4,0.0,1.0,0.0
riya,3491,9,14669.444444444445,8,0.1111111111111111,0.8888888888888888,0.0
riya,3492,1,1230.0,1,0.0,1.0,0.0
riya,3493,1,1044.0,1,0.0,1.0,0.0
riya,3494,6,53665.166666666664,4,0.3333333333333333,0.6666666666666666,0.648636716351771
riya,3495,3,1137.3333333333333,3,0.0,1.0,0.0
riya,3496,2,6378.0,2,0.0,1.0,0.0
riya,3497,2,155368.0,1,0.5,0.5,0.5493061443340549
riya,3498,2,205760.0,0,1.0,0.0,1.0986122886681098
riya,3499,4,62224.0,3,0.25,0.75,0.40235947810852507
riya,3500,3,26408.666666666668,3,0.0,1.0,0.0
riya,3501,1,4411.0,1,0.0,1.0,0.0
riya,3502,3,3713.3333333333335,3,0.0,1.0,0.0
riya,3503,6,83794.33333333333,5,0.16666666666666666,0.8333333333333334,0.3243183581758855
riya,3504,3,55805.333333333336,3,0.0,1.0,0.0
riya,3505,4,107898.5,2,0.5,0.5,0.8047189562170501
riya,3506,1,768.0,0,0.0,0.0,0.0
riya,3507,1,76270.0,1,0.0,1.0,0.0
riya,3508,5,91441.4,3,0.4,0.6,0.716703787691222
riya,3509,4,21526.75,4,0.0,1.0,0.0
riya,3510,6,81882.33333333333,5,0.16666666666666666,0.8333333333333334,0.3243183581758855
riya,3511,2,1259.5,2,0.0,1.0,0.0
riya,3512,3,67854.33333333333,3,0.0,1.0,0.0
riya,3513,7,63776.71428571428,5,0.2857142857142857,0.7142857142857143,0.5941261547656673
riya,3514,10,126607.6,6,0.4,0.6,0.9591581091193483
riya,3515,2,588.5,2,0.0,1.0,0.0
riya,3516,7,141368.57142857142,3,0.5714285714285714,0.42857142857142855,1.1882523095313346
riya,3517,3,148548.66666666666,1,0.6666666666666666,0.3333333333333333,0.9241962407465937
riya,3518,4,112026.25,2,0.5,0.5,0.8047189562170501
riya,3519,4,104213.75,2,0.5,0.5,0.8047189562170501
riya,3520,2,134293.5,2,0.0,1.0,0.0
riya,3521,3,45413.666666666664,2,0.3333333333333333,0.6666666666666666,0.46209812037329684
riya,3522,4,103215.0,1,0.75,0.25,1.2070784343255752
riya,3523,4,354087.0,1,0.75,0.25,1.2070784343255752
riya,3524,1,138976.0,1,0.0,1.0,0.0
riya,3525,8,106713.5,4,0.5,0.5,1.0986122886681098
riya,3526,4,20837.25,4,0.0,1.0,0.0
riya,3527,3,2202.3333333333335,3,0.0,1.0,0.0
riya,3528,2,60165.5,2,0.0,1.0,0.0
riya,3529,1,1060.0,1,0.0,1.0,0.0
riya,3530,4,2091.25,4,0.0,1.0,0.0
riya,3531,7,97569.85714285714,2,0.7142857142857143,0.2857142857142857,1.4853153869141684
riya,3532,2,736.5,2,0.0,1.0,0.0
riya,3533,6,116442.0,3,0.5,0.5,0.9729550745276566
riya,3534,2,5625.0,2,0.0,1.0,0.0
riya,3535,3,75750.33333333333,2,0.3333333333333333,0.6666666666666666,0.46209812037329684
riya,3536,5,92681.6,3,0.4,0.6,0.716703787691222
riya,3537,1,16974.0,1,0.0,1.0,0.0
riya,3538,1,210070.0,0,1.0,0.0,0.6931471805599453
riya,3539,8,122642.0,2,0.75,0.25,1.6479184330021646
riya,3540,3,149718.0,1,0.6666666666666666,0.3333333333333333,0.9241962407465937
riya,3541,2,197863.5,0,1.0,0.0,1.0986122886681098
riya,3542,1,297150.0,0,1.0,0.0,0.6931471805599453
riya,3543,1,260973.0,0,1.0,0.0,0.6931471805599453
riya,3544,1,254341.0,0,1.0,0.0,0.6931471805599453
riya,3545,11,216954.45454545456,2,0.8181818181818182,0.18181818181818182,2.033105440735637
riya,3546,1,255533.0,0,1.0,0.0,0.6931471805599453
riya,3547,1,247273.0,0,1.0,0.0,0.6931471805599453
riya,3548,1,148654.0,1,0.0,1.0,0.0
riya,3549,1,144654.0,1,0.0,1.0,0.0
riya,3550,3,9322.333333333334,3,0.0,1.0,0.0
riya,3551,2,12567.5,2,0.0,1.0,0.0
riya,3552,4,46064.5,4,0.0,1.0,0.0
riya,3553,1,840.0,1,0.0,1.0,0.0
riya,3554,8,367434.25,1,0.875,0.125,1.922571505169192
riya,3555,7,4702.142857142857,7,0.0,1.0,0.0
riya,3556,1,14711.0,1,0.0,1.0,0.0
riya,3557,1,928.0,1,0.0,1.0,0.0
riya,3558,1,7105.0,1,0.0,1.0,0.0
riya,3559,1,5596.0,1,0.0,1.0,0.0
riya,3560,2,20324.5,2,0.0,1.0,0.0
riya,3561,3,240805.66666666666,1,0.6666666666666666,0.3333333333333333,0.9241962407465937
riya,3562,3,93901.66666666667,2,0.3333333333333333,0.6666666666666666,0.46209812037329684
riya,3563,1,233573.0,0,1.0,0.0,0.6931471805599453
riya,3564,2,164488.0,0,1.0,0.0,1.0986122886681098
riya,3565,4,92987.0,2,0.5,0.5,0.8047189562170501
riya,3566,1,161608.0,0,1.0,0.0,0.6931471805599453
riya,3567,3,40154.333333333336,2,0.3333333333333333,0.6666666666666666,0.46209812037329684
riya,3568,4,36031.75,3,0.25,0.75,0.40235947810852507
riya,3569,4,74387.25,3,0.25,0.75,0.40235947810852507
riya,3570,3,2546.3333333333335,3,0.0,1.0,0.0
riya,3571,4,69238.5,3,0.25,0.75,0.40235947810852507
riya,3572,1,2832.0,1,0.0,1.0,0.0
riya,3573,7,230379.0,0,1.0,0.0,2.0794415416798357
riya,3574,1,4318.0,1,0.0,1.0,0.0
riya,3575,1,905.0,1,0.0,1.0,0.0
riya,3576,1,1462.0,1,0.0,1.0,0.0
riya,3577,2,98443.5,1,0.5,0.5,0.5493061443340549
riya,3578,4,59075.5,4,0.0,1.0,0.0
riya,3579,1,1137.0,1,0.0,1.0,0.0
riya,3580,3,3705.0,3,0.0,1.0,0.0
riya,3581,3,133525.33333333334,0,1.0,0.0,1.3862943611198906
riya,3582,5,54763.2,4,0.2,0.8,0.358351893845611
riya,3583,5,88223.0,3,0.4,0.6,0.716703787691222
riya,3584,2,12606.0,2,0.0,1.0,0.0
riya,3585,3,22030.333333333332,3,0.0,1.0,0.0
riya,3586,6,90344.5,2,0.6666666666666666,0.3333333333333333,1.297273432703542
riya,3587,3,4918.333333333333,3,0.0,1.0,0.0
riya,3588,4,161807.5,1,0.75,0.25,1.2070784343255752
riya,3589,5,51792.6,4,0.2,0.8,0.358351893845611
riya,3590,5,84415.0,4,0.2,0.8,0.358351893845611
riya,3591,7,97959.57142857143,3,0.5714285714285714,0.42857142857142855,1.1882523095313346
riya,3592,3,184000.0,0,1.0,0.0,1.3862943611198906
riya,3593,7,35823.57142857143,6,0.14285714285714285,0.8571428571428571,0.29706307738283366
riya,3594,6,14917.333333333334,6,0.0,1.0,0.0
riya,3595,1,327508.0,0,1.0,0.0,0.6931471805599453
riya,3596,7,27244.14285714286,6,0.14285714285714285,0.8571428571428571,0.29706307738283366
riya,3597,3,83379.33333333333,2,0.3333333333333333,0.6666666666666666,0.46209812037329684
riya,3598,4,16543.75,4,0.0,1.0,0.0
riya,3599,8,44295.625,8,0.0,1.0,0.0
riya,3600,4,39502.25,3,0.25,0.75,0.40235947810852507
riya,3601,6,73329.66666666667,4,0.3333333333333333,0.6666666666666666,0.648636716351771
riya,3602,2,5137.5,2,0.0,1.0,0.0
riya,3603,9,49074.555555555555,6,0.2222222222222222,0.6666666666666666,0.511685576220899
riya,3604,4,88151.25,3,0.25,0.75,0.40235947810852507
riya,3605,1,9591.0,1,0.0,1.0,0.0
riya,3606,4,90442.5,3,0.25,0.75,0.40235947810852507
riya,3607,3,132187.66666666666,1,0.6666666666666666,0.3333333333333333,0.9241962407465937
riya,3608,3,110387.66666666667,2,0.3333333333333333,0.6666666666666666,0.46209812037329684
riya,3609,2,14987.0,2,0.0,1.0,0.0
riya,3610,2,19150.0,2,0.0,1.0,0.0
riya,3611,2,1160.5,2,0.0,1.0,0.0
riya,3612,2,64121.0,1,0.5,0.5,0.5493061443340549
riya,3613,5,104472.2,3,0.4,0.6,0.716703787691222
riya,3614,2,1253.5,2,0.0,1.0,0.0
riya,3615,3,129250.0,2,0.3333333333333333,0.6666666666666666,0.46209812037329684
riya,3616,3,66959.0,2,0.3333333333333333,0.6666666666666666,0.46209812037329684
riya,3617,1,61765.0,1,0.0,1.0,0.0
riya,3618,1,74345.0,1,0.0,1.0,0.0
riya,3619,4,53234.75,3,0.25,0.75,0.40235947810852507
riya,3620,1,1068.0,1,0.0,1.0,0.0
riya,3621,3,46419.333333333336,2,0.3333333333333333,0.6666666666666666,0.46209812037329684
riya,3622,7,273559.5714285714,2,0.7142857142857143,0.2857142857142857,1.4853153869141684
riya,3623,1,284400.0,0,1.0,0.0,0.6931471805599453
riya,3624,2,166466.5,1,0.5,0.5,0.5493061443340549
riya,3625,3,69516.66666666667,2,0.3333333333333333,0.6666666666666666,0.46209812037329684
riya,3626,3,5029.333333333333,3,0.0,1.0,0.0
riya,3627,2,239802.5,1,0.5,0.5,0.5493061443340549
riya,3628,2,194110.5,0,1.0,0.0,1.0986122886681098
riya,3629,3,40904.666666666664,2,0.3333333333333333,0.6666666666666666,0.46209812037329684
riya,3630,7,80689.42857142857,5,0.2857142857142857,0.7142857142857143,0.5941261547656673
riya,3631,1,51981.0,1,0.0,1.0,0.0
riya,3632,2,10796.0,2,0.0,1.0,0.0
riya,3633,4,84152.0,1,0.75,0.25,1.2070784343255752
riya,3634,1,138834.0,0,1.0,0.0,0.6931471805599453
riya,3635,3,37218.666666666664,3,0.0,1.0,0.0
riya,3636,2,89219.0,1,0.5,0.5,0.5493061443340549
riya,3637,2,8817.5,2,0.0,1.0,0.0
riya,3638,2,3149.0,2,0.0,1.0,0.0
riya,3639,4,73466.75,3,0.25,0.75,0.40235947810852507
riya,3640,1,928.0,1,0.0,1.0,0.0
riya,3641,2,67997.0,1,0.5,0.5,0.5493061443340549
riya,3642,2,2968.5,2,0.0,1.0,0.0
riya,3643,1,1277.0,1,0.0,1.0,0.0
riya,3644,3,9207.666666666666,3,0.0,1.0,0.0
riya,3645,3,59096.0,2,0.3333333333333333,0.6666666666666666,0.46209812037329684
riya,3646,3,20766.333333333332,3,0.0,1.0,0.0
riya,3647,5,161416.0,1,0.8,0.2,1.433407575382444
riya,3648,1,1253.0,0,0.0,0.0,0.0
riya,3649,1,6336.0,1,0.0,1.0,0.0
riya,3650,1,8811.0,1,0.0,1.0,0.0
riya,3651,5,81016.8,2,0.4,0.4,0.716703787691222
riya,3652,4,79203.5,3,0.25,0.75,0.40235947810852507
riya,3653,4,5876.5,4,0.0,1.0,0.0
riya,3654,2,4678.5,2,0.0,1.0,0.0
riya,3655,2,9277.0,2,0.0,1.0,0.0
riya,3656,2,7152.0,2,0.0,1.0,0.0
riya,3657,6,100134.83333333333,4,0.3333333333333333,0.6666666666666666,0.648636716351771
riya,3658,3,2081.3333333333335,3,0.0,1.0,0.0
riya,3659,4,151201.0,0,1.0,0.0,1.6094379124341003
riya,3660,1,178554.0,0,1.0,0.0,0.6931471805599453
riya,3661,3,169847.33333333334,0,1.0,0.0,1.3862943611198906
riya,3662,2,128287.5,1,0.5,0.5,0.5493061443340549
riya,3663,5,105770.0,2,0.6,0.4,1.0750556815368328
riya,3664,5,34342.2,4,0.2,0.8,0.358351893845611
riya,3665,2,185773.0,0,1.0,0.0,1.0986122886681098
riya,3666,6,124710.5,3,0.5,0.5,0.9729550745276566
riya,3667,1,7530.0,1,0.0,1.0,0.0
riya,3668,2,65091.5,0,1.0,0.0,1.0986122886681098
riya,3669,2,5430.5,2,0.0,1.0,0.0
riya,3670,1,38922.0,1,0.0,1.0,0.0
riya,3671,3,893.0,3,0.0,1.0,0.0
riya,3672,4,41137.75,3,0.25,0.75,0.40235947810852507
riya,3673,2,1057.0,2,0.0,1.0,0.0
riya,3674,2,153644.0,1,0.5,0.5,0.5493061443340549
riya,3675,3,2949.6666666666665,3,0.0,1.0,0.0
riya,3676,3,50660.0,2,0.3333333333333333,0.6666666666666666,0.46209812037329684
riya,3677,4,48394.25,3,0.25,0.75,0.40235947810852507
riya,3678,2,10706.0,2,0.0,1.0,0.0
riya,3679,1,760.0,1,0.0,1.0,0.0
riya,3680,1,1270.0,1,0.0,1.0,0.0
riya,3681,3,56156.0,2,0.3333333333333333,0.6666666666666666,0.46209812037329684
riya,3682,2,183074.0,0,1.0,0.0,1.0986122886681098
riya,3683,2,154480.0,2,0.0,1.0,0.0
riya,3684,2,1846.0,2,0.0,1.0,0.0
riya,3685,1,21780.0,1,0.0,1.0,0.0
riya,3686,3,73104.66666666667,2,0.3333333333333333,0.6666666666666666,0.46209812037329684
riya,3687,4,120345.25,3,0.25,0.75,0.40235947810852507
riya,3688,1,850.0,1,0.0,1.0,0.0
riya,3689,2,429.5,1,0.0,0.5,0.0
riya,3690,5,70738.2,3,0.4,0.6,0.716703787691222
riya,3691,1,2859.0,1,0.0,1.0,0.0
riya,3692,1,13143.0,0,0.0,0.0,0.0
riya,3693,10,213980.4,1,0.9,0.1,2.1581057455185335
riya,3694,3,2338.3333333333335,3,0.0,1.0,0.0
riya,3695,6,49190.833333333336,4,0.3333333333333333,0.6666666666666666,0.648636716351771
riya,3696,3,1269.3333333333333,3,0.0,1.0,0.0
riya,3697,2,917.0,2,0.0,1.0,0.0
riya,3698,1,183020.0,1,0.0,1.0,0.0
riya,3699,1,226116.0,0,1.0,0.0,0.6931471805599453
riya,3700,3,86041.33333333333,2,0.3333333333333333,0.6666666666666666,0.46209812037329684
riya,3701,5,168095.0,2,0.6,0.4,1.0750556815368328
riya,3702,7,54068.857142857145,4,0.42857142857142855,0.5714285714285714,0.891189232148501
riya,3703,4,16267.25,4,0.0,1.0,0.0
riya,3704,7,7594.428571428572,7,0.0,1.0,0.0
riya,3705,11,28525.18181818182,8,0.2727272727272727,0.7272727272727273,0.6777018135785455
riya,3706,22,163631.72727272726,2,0.9090909090909091,0.09090909090909091,2.850449287208318
riya,3707,2,90720.0,2,0.0,1.0,0.0
riya,3708,5,7031.0,5,0.0,1.0,0.0
riya,3709,3,905.6666666666666,3,0.0,1.0,0.0
riya,3710,2,2681.5,2,0.0,1.0,0.0
riya,3711,5,18688.2,4,0.2,0.8,0.358351893845611
riya,3712,4,149154.0,2,0.5,0.5,0.8047189562170501
riya,3713,11,119515.81818181818,4,0.6363636363636364,0.36363636363636365,1.5813042316832728
riya,3714,2,8544.5,2,0.0,1.0,0.0
riya,3715,1,77054.0,1,0.0,1.0,0.0
riya,3716,1,103352.0,1,0.0,1.0,0.0
riya,3717,5,188530.6,2,0.6,0.4,1.0750556815368328
riya,3718,1,7058.0,1,0.0,1.0,0.0
riya,3719,4,80702.75,2,0.5,0.5,0.8047189562170501
riya,3720,7,202219.42857142858,1,0.8571428571428571,0.14285714285714285,1.782378464297002
riya,3721,10,112025.3,4,0.6,0.4,1.4387371636790223
riya,3722,4,272157.0,0,1.0,0.0,1.6094379124341003
riya,3723,4,104291.75,2,0.5,0.5,0.8047189562170501
riya,3724,2,148027.5,1,0.5,0.5,0.5493061443340549
riya,3725,3,128007.33333333333,1,0.6666666666666666,0.3333333333333333,0.9241962407465937
riya,3726,5,142356.8,2,0.6,0.4,1.0750556815368328
riya,3727,3,31771.333333333332,3,0.0,1.0,0.0
riya,3728,3,1873.0,3,0.0,1.0,0.0
riya,3729,1,30511.0,1,0.0,1.0,0.0
riya,3730,2,141064.0,1,0.5,0.5,0.5493061443340549
riya,3731,1,57631.0,1,0.0,1.0,0.0
riya,3732,3,45007.333333333336,2,0.3333333333333333,0.6666666666666666,0.46209812037329684
riya,3733,2,28862.0,2,0.0,1.0,0.0
riya,3734,2,174473.5,1,0.5,0.5,0.5493061443340549
riya,3735,3,55205.0,3,0.0,1.0,0.0
riya,3736,2,1416.0,2,0.0,1.0,0.0
riya,3737,1,534.0,1,0.0,1.0,0.0
riya,3738,1,719.0,1,0.0,1.0,0.0
riya,3739,5,38854.0,4,0.2,0.8,0.358351893845611
riya,3740,3,71520.0,2,0.3333333333333333,0.6666666666666666,0.46209812037329684
riya,3741,5,91361.2,3,0.4,0.6,0.716703787691222
riya,3742,5,69095.4,3,0.4,0.6,0.716703787691222
riya,3743,1,32577.0,0,1.0,0.0,0.6931471805599453
riya,3744,1,6997.0,1,0.0,1.0,0.0
riya,3745,1,13631.0,0,0.0,0.0,0.0
riya,3746,1,576.0,1,0.0,1.0,0.0
riya,3747,2,118468.5,1,0.5,0.5,0.5493061443340549
riya,3748,1,71992.0,0,1.0,0.0,0.6931471805599453
riya,3749,10,178965.7,3,0.7,0.3,1.6785266909588594
riya,3750,4,182520.75,2,0.5,0.5,0.8047189562170501
riya,3751,1,166301.0,1,0.0,1.0,0.0
riya,3752,1,69566.0,1,0.0,1.0,0.0
riya,3753,2,7883.0,2,0.0,1.0,0.0
riya,3754,1,24332.0,1,0.0,1.0,0.0
riya,3755,6,80742.0,3,0.5,0.5,0.9729550745276566
riya,3756,2,323466.0,1,0.5,0.5,0.5493061443340549
riya,3757,3,194725.66666666666,1,0.6666666666666666,0.3333333333333333,0.9241962407465937
riya,3758,1,68147.0,1,0.0,1.0,0.0
riya,3759,5,175179.0,1,0.8,0.2,1.433407575382444
riya,3760,1,284055.0,0,1.0,0.0,0.6931471805599453
riya,3761,5,147248.2,2,0.6,0.4,1.0750556815368328
riya,3762,2,88819.5,2,0.0,1.0,0.0
riya,3763,4,3710.25,4,0.0,1.0,0.0
riya,3764,1,190192.0,1,0.0,1.0,0.0
riya,3765,4,123228.5,1,0.75,0.25,1.2070784343255752
riya,3766,1,137787.0,1,0.0,1.0,0.0
riya,3767,4,139671.75,3,0.25,0.75,0.40235947810852507
riya,3768,1,177470.0,1,0.0,1.0,0.0
riya,3769,1,55774.0,1,0.0,1.0,0.0
riya,3770,3,159784.0,1,0.6666666666666666,0.3333333333333333,0.9241962407465937
riya,3771,2,134830.5,1,0.5,0.5,0.5493061443340549
riya,3772,2,112977.0,1,0.5,0.5,0.5493061443340549
riya,3773,2,24787.0,2,0.0,1.0,0.0
riya,3774,2,998.0,2,0.0,1.0,0.0
riya,3775,5,19969.8,5,0.0,1.0,0.0
riya,3776,1,34273.0,1,0.0,1.0,0.0
riya,3777,1,835.0,1,0.0,1.0,0.0
riya,3778,3,22245.666666666668,3,0.0,1.0,0.0
riya,3779,2,72473.5,1,0.5,0.5,0.5493061443340549
riya,3780,2,272727.0,2,0.0,1.0,0.0
riya,3781,3,4102.0,3,0.0,1.0,0.0
riya,3782,3,42263.666666666664,2,0.3333333333333333,0.6666666666666666,0.46209812037329684
riya,3783,3,85281.0,2,0.3333333333333333,0.6666666666666666,0.46209812037329684
riya,3784,1,1532.0,1,0.0,1.0,0.0
riya,3785,4,4468.5,4,0.0,1.0,0.0
riya,3786,1,1927.0,1,0.0,1.0,0.0
riya,3787,3,10111.0,3,0.0,1.0,0.0
riya,3788,4,54351.25,3,0.25,0.75,0.40235947810852507
riya,3789,2,118038.0,1,0.5,0.5,0.5493061443340549
riya,3790,6,249354.83333333334,1,0.6666666666666666,0.16666666666666666,1.297273432703542
riya,3791,5,116470.2,3,0.4,0.6,0.716703787691222
riya,3792,4,98660.25,3,0.25,0.75,0.40235947810852507
riya,3793,5,94760.8,3,0.4,0.6,0.716703787691222
riya,3794,7,55416.857142857145,5,0.14285714285714285,0.7142857142857143,0.29706307738283366
riya,3795,3,244160.66666666666,2,0.3333333333333333,0.6666666666666666,0.46209812037329684
riya,3796,9,138082.11111111112,2,0.7777777777777778,0.2222222222222222,1.7908995167731467
riya,3797,1,194453.0,0,1.0,0.0,0.6931471805599453
riya,3798,2,85733.0,1,0.5,0.5,0.5493061443340549
riya,3799,9,122399.77777777778,3,0.6666666666666666,0.3333333333333333,1.5350567286626973
riya,3800,2,171500.0,0,1.0,0.0,1.0986122886681098
riya,3801,4,89231.75,3,0.25,0.75,0.40235947810852507
riya,3802,3,94432.66666666667,3,0.0,1.0,0.0
riya,3803,5,43630.6,4,0.2,0.8,0.358351893845611
riya,3804,4,9045.0,4,0.0,1.0,0.0
riya,3805,1,2530.0,1,0.0,1.0,0.0
riya,3806,3,208203.66666666666,2,0.3333333333333333,0.6666666666666666,0.46209812037329684
riya,3807,2,68770.0,2,0.0,1.0,0.0
riya,3808,2,80210.0,2,0.0,1.0,0.0
riya,3809,19,187480.0,1,0.9473684210526315,0.05263157894736842,2.8380621538932544
riya,3810,13,231889.61538461538,2,0.8461538461538461,0.15384615384615385,2.2330485096744495
riya,3811,6,192111.83333333334,2,0.6666666666666666,0.3333333333333333,1.297273432703542
riya,3812,8,126337.625,1,0.75,0.125,1.6479184330021646
riya,3813,2,196533.0,1,0.5,0.5,0.5493061443340549
riya,3814,7,11280.857142857143,7,0.0,1.0,0.0
riya,3815,2,60738.0,2,0.0,1.0,0.0
riya,3816,1,2182.0,1,0.0,1.0,0.0
riya,3817,1,25881.0,1,0.0,1.0,0.0
riya,3818,2,77495.0,1,0.5,0.5,0.5493061443340549
riya,3819,3,83488.0,3,0.0,1.0,0.0
riya,3820,4,16258.25,4,0.0,1.0,0.0
riya,3821,6,133407.16666666666,3,0.5,0.5,0.9729550745276566
riya,3822,4,35204.5,4,0.0,1.0,0.0
riya,3823,4,71315.5,3,0.25,0.75,0.40235947810852507
riya,3824,1,6548.0,1,0.0,1.0,0.0
riya,3825,2,51734.0,1,0.5,0.5,0.5493061443340549
riya,3826,1,103255.0,0,1.0,0.0,0.6931471805599453
riya,3827,1,113475.0,0,1.0,0.0,0.6931471805599453
riya,3828,4,119786.5,2,0.5,0.5,0.8047189562170501
riya,3829,1,15658.0,1,0.0,1.0,0.0
riya,3830,1,214011.0,0,1.0,0.0,0.6931471805599453
riya,3831,4,39017.75,2,0.5,0.5,0.8047189562170501
riya,3832,7,122423.28571428571,2,0.7142857142857143,0.2857142857142857,1.4853153869141684
riya,3833,5,6883.0,5,0.0,1.0,0.0
riya,3834,3,72668.0,2,0.3333333333333333,0.6666666666666666,0.46209812037329684
riya,3835,1,100762.0,0,1.0,0.0,0.6931471805599453
riya,3836,3,54842.333333333336,3,0.0,1.0,0.0
riya,3837,3,128019.33333333333,2,0.3333333333333333,0.6666666666666666,0.46209812037329684
riya,3838,4,66289.25,3,0.25,0.75,0.40235947810852507
riya,3839,1,7778.0,1,0.0,1.0,0.0
riya,3840,4,31853.5,4,0.0,1.0,0.0
riya,3841,2,194360.0,0,1.0,0.0,1.0986122886681098
riya,3842,2,8066.0,2,0.0,1.0,0.0
riya,3843,2,47710.5,2,0.0,1.0,0.0
riya,3844,1,95410.0,0,1.0,0.0,0.6931471805599453
riya,3845,28,128829.89285714286,6,0.75,0.21428571428571427,2.5254718724898555
riya,3846,1,39078.0,1,0.0,1.0,0.0
riya,3847,2,19655.5,1,0.5,0.5,0.5493061443340549
riya,3848,4,31447.25,4,0.0,1.0,0.0
riya,3849,1,251026.0,0,1.0,0.0,0.6931471805599453
riya,3850,4,253090.25,0,1.0,0.0,1.6094379124341003
riya,3851,4,30289.5,4,0.0,1.0,0.0
riya,3852,3,57437.333333333336,2,0.3333333333333333,0.6666666666666666,0.46209812037329684
riya,3853,1,113050.0,1,0.0,1.0,0.0
riya,3854,2,146538.0,0,1.0,0.0,1.0986122886681098
riya,3855,2,243727.0,0,1.0,0.0,1.0986122886681098
riya,3856,1,83442.0,1,0.0,1.0,0.0
riya,3857,6,66833.66666666667,5,0.16666666666666666,0.8333333333333334,0.3243183581758855
riya,3858,4,1297.25,4,0.0,1.0,0.0
riya,3859,1,1602.0,1,0.0,1.0,0.0
riya,3860,4,118167.0,2,0.5,0.5,0.8047189562170501
riya,3861,4,15671.25,4,0.0,1.0,0.0
riya,3862,1,2252.0,1,0.0,1.0,0.0
riya,3863,1,2020.0,1,0.0,1.0,0.0
riya,3864,3,18432.666666666668,2,0.3333333333333333,0.6666666666666666,0.46209812037329684
riya,3865,8,158110.5,2,0.75,0.25,1.6479184330021646
riya,3866,2,115494.0,1,0.5,0.5,0.5493061443340549
riya,3867,2,55035.5,2,0.0,1.0,0.0
riya,3868,1,5341.0,1,0.0,1.0,0.0
riya,3869,3,158686.33333333334,1,0.6666666666666666,0.3333333333333333,0.9241962407465937
riya,3870,1,24288.0,1,0.0,1.0,0.0
riya,3871,3,11011.333333333334,3,0.0,1.0,0.0
riya,3872,2,73766.5,1,0.5,0.5,0.5493061443340549
riya,3873,8,137287.875,5,0.375,0.625,0.8239592165010823
riya,3874,1,111695.0,1,0.0,1.0,0.0
riya,3875,1,111227.0,0,1.0,0.0,0.6931471805599453
riya,3876,3,145425.33333333334,1,0.6666666666666666,0.3333333333333333,0.9241962407465937
riya,3877,6,109294.0,3,0.5,0.5,0.9729550745276566
riya,3878,2,206012.0,0,1.0,0.0,1.0986122886681098
riya,3879,1,13281.0,1,0.0,1.0,0.0
riya,3880,3,55268.0,2,0.3333333333333333,0.6666666666666666,0.46209812037329684
riya,3881,6,56782.833333333336,5,0.16666666666666666,0.8333333333333334,0.3243183581758855
riya,3882,1,196138.0,0,1.0,0.0,0.6931471805599453
riya,3883,2,34038.5,2,0.0,1.0,0.0
riya,3884,2,70020.5,1,0.5,0.5,0.5493061443340549
riya,3885,1,1440.0,1,0.0,1.0,0.0
riya,3886,12,90011.41666666667,6,0.5,0.5,1.2824746787307684
riya,3887,3,73364.33333333333,3,0.0,1.0,0.0
riya,3888,2,2183.0,2,0.0,1.0,0.0
riya,3889,2,70814.5,1,0.5,0.5,0.5493061443340549
riya,3890,1,150620.0,0,1.0,0.0,0.6931471805599453
riya,3891,2,205288.0,0,1.0,0.0,1.0986122886681098
riya,3892,1,3937.0,1,0.0,1.0,0.0
riya,3893,4,40084.75,4,0.0,1.0,0.0
riya,3894,3,766.0,3,0.0,1.0,0.0
riya,3895,3,115202.66666666667,2,0.3333333333333333,0.6666666666666666,0.46209812037329684
riya,3896,1,212000.0,0,1.0,0.0,0.6931471805599453
riya,3897,2,340.0,2,0.0,1.0,0.0
riya,3898,1,73956.0,1,0.0,1.0,0.0
riya,3899,1,66061.0,1,0.0,1.0,0.0
riya,3900,1,115751.0,1,0.0,1.0,0.0
riya,3901,3,46467.333333333336,2,0.3333333333333333,0.6666666666666666,0.46209812037329684
riya,3902,1,1045.0,1,0.0,1.0,0.0
riya,3903,1,1115.0,1,0.0,1.0,0.0
riya,3904,2,90966.0,1,0.5,0.5,0.5493061443340549
riya,3905,1,673.0,1,0.0,1.0,0.0
riya,3906,1,929.0,1,0.0,1.0,0.0
riya,3907,2,2020.5,2,0.0,1.0,0.0
riya,3908,1,159212.0,0,1.0,0.0,0.6931471805599453
riya,3909,1,1463.0,1,0.0,1.0,0.0
riya,3910,2,99676.5,1,0.5,0.5,0.5493061443340549
riya,3911,1,84869.0,0,1.0,0.0,0.6931471805599453
riya,3912,2,197448.0,1,0.5,0.5,0.5493061443340549
riya,3913,11,135777.36363636365,6,0.45454545454545453,0.5454545454545454,1.1295030226309093
riya,3914,5,72734.4,5,0.0,1.0,0.0
riya,3915,3,13895.333333333334,3,0.0,1.0,0.0
riya,3916,4,67921.75,3,0.25,0.75,0.40235947810852507
riya,3917,3,3192.6666666666665,3,0.0,1.0,0.0
riya,3918,2,1068.0,2,0.0,1.0,0.0
riya,3919,1,1138.0,1,0.0,1.0,0.0
riya,3920,4,3837.75,4,0.0,1.0,0.0
riya,3921,4,2339.25,4,0.0,1.0,0.0
riya,3922,1,906.0,1,0.0,1.0,0.0
riya,3923,1,1509.0,1,0.0,1.0,0.0
riya,3924,8,160868.625,3,0.625,0.375,1.3732653608351373
riya,3925,3,78748.66666666667,3,0.0,1.0,0.0
riya,3926,3,35354.666666666664,2,0.3333333333333333,0.6666666666666666,0.46209812037329684
riya,3927,6,50399.666666666664,6,0.0,1.0,0.0
riya,3928,9,56670.444444444445,7,0.2222222222222222,0.7777777777777778,0.511685576220899
riya,3929,2,10159.5,2,0.0,1.0,0.0
riya,3930,11,142903.0,4,0.6363636363636364,0.36363636363636365,1.5813042316832728
riya,3931,1,395.0,1,0.0,1.0,0.0
riya,3932,6,61449.333333333336,5,0.16666666666666666,0.8333333333333334,0.3243183581758855
riya,3933,2,27605.0,2,0.0,1.0,0.0
riya,3934,5,158666.6,0,1.0,0.0,1.791759469228055
riya,3935,1,102861.0,0,1.0,0.0,0.6931471805599453
riya,3936,4,56167.0,2,0.5,0.5,0.8047189562170501
riya,3937,4,37534.0,3,0.25,0.75,0.40235947810852507
riya,3938,3,8525.666666666666,3,0.0,1.0,0.0
riya,3939,4,42568.5,3,0.25,0.75,0.40235947810852507
riya,3940,6,32496.833333333332,5,0.16666666666666666,0.8333333333333334,0.3243183581758855
riya,3941,7,79681.57142857143,4,0.42857142857142855,0.5714285714285714,0.891189232148501
riya,3942,6,50032.5,5,0.16666666666666666,0.8333333333333334,0.3243183581758855
riya,3943,2,182369.0,1,0.5,0.5,0.5493061443340549
riya,3944,4,5214.75,4,0.0,1.0,0.0
riya,3945,1,60093.0,0,1.0,0.0,0.6931471805599453
riya,3946,4,140556.75,0,1.0,0.0,1.6094379124341003
riya,3947,1,0.0,1,0.0,1.0,0.0
riya,3948,1,73076.0,0,1.0,0.0,0.6931471805599453
riya,3949,1,147470.0,1,0.0,1.0,0.0
riya,3950,1,580.0,1,0.0,1.0,0.0
riya,3951,6,203010.5,2,0.6666666666666666,0.3333333333333333,1.297273432703542
riya,3952,3,53405.666666666664,2,0.3333333333333333,0.6666666666666666,0.46209812037329684
riya,3953,2,124318.0,1,0.5,0.5,0.5493061443340549
riya,3954,7,82891.42857142857,4,0.42857142857142855,0.5714285714285714,0.891189232148501
riya,3955,5,44921.8,4,0.2,0.8,0.358351893845611
riya,3956,3,9097.333333333334,3,0.0,1.0,0.0
riya,3957,3,36963.666666666664,3,0.0,1.0,0.0
riya,3958,3,84030.33333333333,2,0.3333333333333333,0.6666666666666666,0.46209812037329684
riya,3959,2,66413.0,1,0.5,0.5,0.5493061443340549
riya,3960,1,882.0,1,0.0,1.0,0.0
riya,3961,2,1370.0,2,0.0,1.0,0.0
riya,3962,1,1300.0,1,0.0,1.0,0.0
riya,3963,2,78694.0,2,0.0,1.0,0.0
riya,3964,3,60453.0,2,0.3333333333333333,0.6666666666666666,0.46209812037329684
riya,3965,2,1440.0,2,0.0,1.0,0.0
riya,3966,1,215733.0,0,1.0,0.0,0.6931471805599453
riya,3967,2,145343.0,2,0.0,1.0,0.0
riya,3968,3,10759.666666666666,3,0.0,1.0,0.0
riya,3969,4,79760.75,1,0.75,0.25,1.2070784343255752
riya,3970,2,112545.0,1,0.5,0.5,0.5493061443340549
riya,3971,2,55569.0,2,0.0,1.0,0.0
riya,3972,1,226677.0,0,1.0,0.0,0.6931471805599453
riya,3973,4,90066.5,2,0.5,0.5,0.8047189562170501
riya,3974,2,2863.5,2,0.0,1.0,0.0
riya,3975,4,108795.25,2,0.5,0.5,0.8047189562170501
riya,3976,2,75211.5,1,0.5,0.5,0.5493061443340549
riya,3977,5,12480.0,5,0.0,1.0,0.0
riya,3978,3,107647.0,1,0.6666666666666666,0.3333333333333333,0.9241962407465937
riya,3979,2,95630.5,1,0.5,0.5,0.5493061443340549
riya,3980,5,175329.2,0,1.0,0.0,1.791759469228055
riya,3981,3,194601.33333333334,2,0.3333333333333333,0.6666666666666666,0.46209812037329684
riya,3982,4,133130.25,1,0.75,0.25,1.2070784343255752
riya,3983,2,28946.0,2,0.0,1.0,0.0
riya,3984,3,75321.0,3,0.0,1.0,0.0
riya,3985,2,100113.5,1,0.5,0.5,0.5493061443340549
riya,3986,7,18047.571428571428,7,0.0,1.0,0.0
riya,3987,5,183621.8,1,0.8,0.2,1.433407575382444
riya,3988,2,96756.0,1,0.5,0.5,0.5493061443340549
riya,3989,3,148402.0,1,0.6666666666666666,0.3333333333333333,0.9241962407465937
riya,3990,1,80305.0,1,0.0,1.0,0.0
riya,3991,3,76706.0,2,0.3333333333333333,0.6666666666666666,0.46209812037329684
riya,3992,1,418.0,1,0.0,1.0,0.0
riya,3993,3,2688.0,3,0.0,1.0,0.0
riya,3994,2,780.0,2,0.0,1.0,0.0
riya,3995,2,140436.0,1,0.5,0.5,0.5493061443340549
riya,3996,1,5433.0,1,0.0,1.0,0.0
riya,3997,2,131293.0,1,0.5,0.5,0.5493061443340549
riya,3998,3,117490.33333333333,2,0.3333333333333333,0.6666666666666666,0.46209812037329684
riya,3999,6,128527.33333333333,3,0.5,0.5,0.9729550745276566
riya,4000,3,284862.0,0,1.0,0.0,1.3862943611198906
riya,4001,2,2809.5,2,0.0,1.0,0.0
riya,4002,6,150127.5,3,0.5,0.5,0.9729550745276566
riya,4003,1,220779.0,0,1.0,0.0,0.6931471805599453
riya,4004,2,112779.0,2,0.0,1.0,0.0
riya,4005,4,9084.75,4,0.0,1.0,0.0
riya,4006,6,229376.83333333334,1,0.8333333333333334,0.16666666666666666,1.6215917908794277
riya,4007,2,1010.0,2,0.0,1.0,0.0
riya,4008,5,94503.4,2,0.6,0.4,1.0750556815368328
riya,4009,3,1718.3333333333333,3,0.0,1.0,0.0
riya,4010,1,1486.0,1,0.0,1.0,0.0
riya,4011,1,24938.0,1,0.0,1.0,0.0
riya,4012,3,3947.3333333333335,3,0.0,1.0,0.0
riya,4013,2,5178.5,2,0.0,1.0,0.0
riya,4014,2,1056.5,2,0.0,1.0,0.0
riya,4015,2,86472.0,1,0.5,0.5,0.5493061443340549
riya,4016,1,1138.0,1,0.0,1.0,0.0
riya,4017,5,7403.4,5,0.0,1.0,0.0
riya,4018,2,37117.0,2,0.0,1.0,0.0
riya,4019,4,58957.25,4,0.0,1.0,0.0
riya,4020,4,124631.5,3,0.25,0.75,0.40235947810852507
riya,4021,4,200244.75,2,0.5,0.5,0.8047189562170501
riya,4022,2,288387.0,0,1.0,0.0,1.0986122886681098
riya,4023,1,176000.0,0,1.0,0.0,0.6931471805599453
riya,4024,2,12551.5,2,0.0,1.0,0.0
riya,4025,1,1881.0,1,0.0,1.0,0.0
riya,4026,4,26154.25,4,0.0,1.0,0.0
riya,4027,3,213000.0,0,1.0,0.0,1.3862943611198906
riya,4028,5,34021.4,4,0.2,0.8,0.358351893845611
riya,4029,1,3506.0,1,0.0,1.0,0.0
riya,4030,3,1024.0,3,0.0,1.0,0.0
riya,4031,3,2724.6666666666665,3,0.0,1.0,0.0
riya,4032,4,11195.75,3,0.25,0.75,0.0
riya,4033,2,1056.5,2,0.0,1.0,0.0
riya,4034,2,12330.0,2,0.0,1.0,0.0
riya,4035,5,609.4,5,0.0,1.0,0.0
riya,4036,2,79521.5,1,0.5,0.5,0.5493061443340549
riya,4037,3,43922.333333333336,3,0.0,1.0,0.0
riya,4038,2,106377.0,1,0.5,0.5,0.5493061443340549
riya,4039,2,2199.0,2,0.0,1.0,0.0
riya,4040,1,94090.0,1,0.0,1.0,0.0
riya,4041,4,121630.0,0,1.0,0.0,1.6094379124341003
riya,4042,1,5353.0,1,0.0,1.0,0.0
riya,4043,7,130033.14285714286,4,0.42857142857142855,0.5714285714285714,0.891189232148501
riya,4044,1,39893.0,1,0.0,1.0,0.0
riya,4045,2,39923.0,1,0.5,0.5,0.5493061443340549
riya,4046,2,15354.5,2,0.0,1.0,0.0
riya,4047,3,19374.0,2,0.0,0.6666666666666666,0.0
riya,4048,1,980.0,1,0.0,1.0,0.0
riya,4049,2,1250.5,2,0.0,1.0,0.0
riya,4050,1,2440.0,1,0.0,1.0,0.0
riya,4051,2,824.5,2,0.0,1.0,0.0
riya,4052,3,53273.333333333336,3,0.0,1.0,0.0
riya,4053,5,3780.8,5,0.0,1.0,0.0
riya,4054,2,198358.5,0,1.0,0.0,1.0986122886681098
riya,4055,1,169274.0,0,1.0,0.0,0.6931471805599453
riya,4056,10,114722.1,3,0.6,0.3,1.4387371636790223
riya,4057,1,58533.0,1,0.0,1.0,0.0
riya,4058,4,104114.75,2,0.5,0.5,0.8047189562170501
riya,4059,2,766.5,2,0.0,1.0,0.0
riya,4060,4,83036.25,3,0.25,0.75,0.40235947810852507
riya,4061,3,1083.6666666666667,3,0.0,1.0,0.0
riya,4062,7,151234.42857142858,3,0.5714285714285714,0.42857142857142855,1.1882523095313346
riya,4063,1,580.0,1,0.0,1.0,0.0
riya,4064,2,2856.0,2,0.0,1.0,0.0
riya,4065,7,66285.14285714286,5,0.14285714285714285,0.7142857142857143,0.29706307738283366
riya,4066,7,111715.14285714286,4,0.42857142857142855,0.5714285714285714,0.891189232148501
riya,4067,1,113684.0,0,1.0,0.0,0.6931471805599453
riya,4068,2,31923.5,2,0.0,1.0,0.0
riya,4069,6,34969.333333333336,5,0.16666666666666666,0.8333333333333334,0.3243183581758855
riya,4070,2,11090.0,2,0.0,1.0,0.0
riya,4071,2,952.0,2,0.0,1.0,0.0
riya,4072,1,2368.0,1,0.0,1.0,0.0
riya,4073,1,3785.0,1,0.0,1.0,0.0
riya,4074,3,173704.0,1,0.6666666666666666,0.3333333333333333,0.9241962407465937
riya,4075,1,38739.0,1,0.0,1.0,0.0
riya,4076,2,215906.0,0,1.0,0.0,1.0986122886681098
riya,4077,3,4193.666666666667,3,0.0,1.0,0.0
riya,4078,1,69103.0,1,0.0,1.0,0.0
riya,4079,3,80139.0,2,0.3333333333333333,0.6666666666666666,0.46209812037329684
riya,4080,3,127492.33333333333,1,0.6666666666666666,0.3333333333333333,0.9241962407465937
riya,4081,2,1277.0,2,0.0,1.0,0.0
riya,4082,3,180690.66666666666,3,0.0,1.0,0.0
riya,4083,3,105469.0,2,0.3333333333333333,0.6666666666666666,0.46209812037329684
riya,4084,1,4992.0,1,0.0,1.0,0.0
riya,4085,1,69404.0,1,0.0,1.0,0.0
riya,4086,2,5804.5,2,0.0,1.0,0.0
riya,4087,4,45306.0,2,0.25,0.5,0.40235947810852507
riya,4088,3,54161.333333333336,3,0.0,1.0,0.0
riya,4089,2,847.5,2,0.0,1.0,0.0
riya,4090,1,175304.0,0,1.0,0.0,0.6931471805599453
riya,4091,5,131776.2,1,0.8,0.2,1.433407575382444
riya,4092,1,158685.0,1,0.0,1.0,0.0
riya,4093,1,125736.0,1,0.0,1.0,0.0
riya,4094,2,87388.5,1,0.5,0.5,0.5493061443340549
riya,4095,5,123251.4,3,0.4,0.6,0.716703787691222
riya,4096,5,2865.4,5,0.0,1.0,0.0
riya,4097,6,64115.0,4,0.3333333333333333,0.6666666666666666,0.648636716351771
riya,4098,5,33600.2,4,0.2,0.8,0.358351893845611
riya,4099,4,48939.5,3,0.25,0.75,0.40235947810852507
riya,4100,2,1846.0,2,0.0,1.0,0.0
riya,4101,3,78527.33333333333,2,0.3333333333333333,0.6666666666666666,0.46209812037329684
riya,4102,2,149693.0,0,1.0,0.0,1.0986122886681098
riya,4103,7,256054.85714285713,1,0.8571428571428571,0.14285714285714285,1.782378464297002
riya,4104,1,80677.0,1,0.0,1.0,0.0
riya,4105,1,204336.0,0,1.0,0.0,0.6931471805599453
riya,4106,1,18439.0,1,0.0,1.0,0.0
riya,4107,1,149490.0,1,0.0,1.0,0.0
riya,4108,2,16044.5,2,0.0,1.0,0.0
riya,4109,1,7663.0,1,0.0,1.0,0.0
riya,4110,3,6251.0,3,0.0,1.0,0.0
riya,4111,1,12817.0,1,0.0,1.0,0.0
riya,4112,1,1416.0,1,0.0,1.0,0.0
riya,4113,4,8937.75,3,0.0,0.75,0.0
riya,4114,3,174041.33333333334,1,0.6666666666666666,0.3333333333333333,0.9241962407465937
riya,4115,1,1649.0,1,0.0,1.0,0.0
riya,4116,3,8073.0,3,0.0,1.0,0.0
riya,4117,2,9729.0,2,0.0,1.0,0.0
riya,4118,2,17738.5,2,0.0,1.0,0.0
riya,4119,1,63855.0,1,0.0,1.0,0.0
riya,4120,6,65559.83333333333,3,0.5,0.5,0.9729550745276566
riya,4121,1,5898.0,1,0.0,1.0,0.0
riya,4122,3,18092.0,3,0.0,1.0,0.0
riya,4123,1,2020.0,1,0.0,1.0,0.0
riya,4124,4,53435.0,3,0.25,0.75,0.40235947810852507
riya,4125,2,65734.5,1,0.5,0.5,0.5493061443340549
riya,4126,1,81892.0,1,0.0,1.0,0.0
riya,4127,2,87838.0,1,0.5,0.5,0.5493061443340549
riya,4128,7,32218.428571428572,7,0.0,1.0,0.0
riya,4129,3,136976.33333333334,1,0.6666666666666666,0.3333333333333333,0.9241962407465937
riya,4130,2,8127.0,2,0.0,1.0,0.0
riya,4131,1,68349.0,1,0.0,1.0,0.0
riya,4132,6,78308.33333333333,4,0.3333333333333333,0.6666666666666666,0.648636716351771
riya,4133,1,418.0,1,0.0,1.0,0.0
riya,4134,2,1509.5,2,0.0,1.0,0.0
riya,4135,10,5188.1,10,0.0,1.0,0.0
riya,4136,1,223800.0,0,1.0,0.0,0.6931471805599453
riya,4137,4,16251.5,3,0.25,0.75,0.40235947810852507
riya,4138,2,115831.0,1,0.5,0.5,0.5493061443340549
riya,4139,4,99895.5,2,0.5,0.5,0.8047189562170501
riya,4140,4,94091.5,2,0.5,0.5,0.8047189562170501
riya,4141,3,108373.0,0,1.0,0.0,1.3862943611198906
riya,4142,6,32029.333333333332,4,0.3333333333333333,0.6666666666666666,0.648636716351771
riya,4143,4,69520.25,3,0.25,0.75,0.40235947810852507
riya,4144,4,67153.75,3,0.25,0.75,0.40235947810852507
riya,4145,6,68919.33333333333,2,0.6666666666666666,0.3333333333333333,1.297273432703542
riya,4146,2,41261.5,2,0.0,1.0,0.0
riya,4147,4,88338.25,2,0.5,0.5,0.8047189562170501
riya,4148,4,27918.75,4,0.0,1.0,0.0
riya,4149,2,1990.5,2,0.0,1.0,0.0
riya,4150,3,56858.333333333336,2,0.3333333333333333,0.6666666666666666,0.46209812037329684
riya,4151,4,36582.25,3,0.25,0.75,0.40235947810852507
riya,4152,3,89861.66666666667,0,1.0,0.0,1.3862943611198906
riya,4153,1,859.0,1,0.0,1.0,0.0
riya,4154,2,36043.0,2,0.0,1.0,0.0
riya,4155,3,199493.0,0,1.0,0.0,1.3862943611198906
riya,4156,2,4632.0,2,0.0,1.0,0.0
riya,4157,2,4040.0,2,0.0,1.0,0.0
riya,4158,2,135066.5,1,0.5,0.5,0.5493061443340549
riya,4159,3,61361.0,1,0.6666666666666666,0.3333333333333333,0.9241962407465937
riya,4160,2,73386.0,0,1.0,0.0,1.0986122886681098
riya,4161,2,56082.5,1,0.5,0.5,0.5493061443340549
riya,4162,2,92295.0,1,0.5,0.5,0.5493061443340549
riya,4163,1,164733.0,1,0.0,1.0,0.0
riya,4164,2,148868.0,1,0.5,0.5,0.5493061443340549
riya,4165,1,172879.0,0,1.0,0.0,0.6931471805599453
riya,4166,2,62728.5,2,0.0,1.0,0.0
riya,4167,3,144988.0,0,1.0,0.0,1.3862943611198906
riya,4168,3,23870.666666666668,3,0.0,1.0,0.0
riya,4169,2,53344.0,2,0.0,1.0,0.0
riya,4170,2,92413.0,1,0.5,0.5,0.5493061443340549
riya,4171,2,1156.0,2,0.0,1.0,0.0
riya,4172,2,26992.5,2,0.0,1.0,0.0
riya,4173,5,148072.8,1,0.8,0.2,1.433407575382444
riya,4174,3,73537.66666666667,2,0.3333333333333333,0.6666666666666666,0.46209812037329684
riya,4175,3,115559.66666666667,1,0.6666666666666666,0.3333333333333333,0.9241962407465937
riya,4176,4,131817.75,2,0.5,0.5,0.8047189562170501
riya,4177,4,3345.25,4,0.0,1.0,0.0
riya,4178,1,243206.0,0,1.0,0.0,0.6931471805599453
riya,4179,2,2343.5,2,0.0,1.0,0.0
riya,4180,5,109669.8,2,0.6,0.4,1.0750556815368328
riya,4181,1,13878.0,1,0.0,1.0,0.0
riya,4182,2,64882.5,1,0.5,0.5,0.5493061443340549
riya,4183,1,126486.0,1,0.0,1.0,0.0
riya,4184,4,2047.25,4,0.0,1.0,0.0
riya,4185,3,84543.33333333333,3,0.0,1.0,0.0
riya,4186,3,42526.666666666664,1,0.3333333333333333,0.3333333333333333,0.46209812037329684
riya,4187,1,326240.0,0,1.0,0.0,0.6931471805599453
riya,4188,6,38306.0,4,0.3333333333333333,0.6666666666666666,0.648636716351771
riya,4189,1,192000.0,0,1.0,0.0,0.6931471805599453
riya,4190,1,143120.0,0,1.0,0.0,0.6931471805599453
riya,4191,2,221533.0,0,1.0,0.0,1.0986122886681098
riya,4192,1,207840.0,0,1.0,0.0,0.6931471805599453
riya,4193,2,80393.5,1,0.5,0.5,0.5493061443340549
riya,4194,1,152824.0,0,1.0,0.0,0.6931471805599453
riya,4195,1,366640.0,0,1.0,0.0,0.6931471805599453
riya,4196,4,10274.75,4,0.0,1.0,0.0
riya,4197,1,63392.0,1,0.0,1.0,0.0
riya,4198,4,66397.0,3,0.25,0.75,0.40235947810852507
riya,4199,1,87969.0,1,0.0,1.0,0.0
riya,4200,3,258522.0,0,1.0,0.0,1.3862943611198906
riya,4201,2,182431.0,1,0.5,0.5,0.5493061443340549
riya,4202,6,103028.16666666667,2,0.6666666666666666,0.3333333333333333,1.297273432703542
riya,4203,4,963.25,4,0.0,1.0,0.0
riya,4204,2,107744.0,2,0.0,1.0,0.0
riya,4205,8,51665.0,6,0.25,0.75,0.5493061443340549
riya,4206,2,57410.5,1,0.5,0.5,0.5493061443340549
riya,4207,1,629.0,1,0.0,1.0,0.0
riya,4208,3,34382.666666666664,2,0.3333333333333333,0.6666666666666666,0.46209812037329684
riya,4209,3,3145.3333333333335,3,0.0,1.0,0.0
riya,4210,2,25082.5,2,0.0,1.0,0.0
riya,4211,1,1504.0,1,0.0,1.0,0.0
riya,4212,2,145075.5,1,0.5,0.5,0.5493061443340549
riya,4213,5,91660.2,3,0.4,0.6,0.716703787691222
riya,4214,2,259200.0,0,1.0,0.0,1.0986122886681098
riya,4215,4,34811.25,3,0.25,0.75,0.40235947810852507
riya,4216,1,204653.0,0,1.0,0.0,0.6931471805599453
riya,4217,2,11494.0,2,0.0,1.0,0.0
riya,4218,1,2815.0,1,0.0,1.0,0.0
riya,4219,2,110738.0,1,0.5,0.5,0.5493061443340549
riya,4220,2,4436.5,2,0.0,1.0,0.0
riya,4221,2,103983.5,1,0.5,0.5,0.5493061443340549
riya,4222,4,58324.25,3,0.25,0.75,0.40235947810852507
riya,4223,2,59529.5,1,0.5,0.5,0.5493061443340549
riya,4224,3,112792.66666666667,3,0.0,1.0,0.0
riya,4225,2,75585.0,0,1.0,0.0,1.0986122886681098
riya,4226,2,140159.5,1,0.5,0.5,0.5493061443340549
riya,4227,2,105902.0,1,0.5,0.5,0.5493061443340549
riya,4228,2,92320.0,1,0.5,0.5,0.5493061443340549
riya,4229,2,99996.0,1,0.5,0.5,0.5493061443340549
riya,4230,3,77635.0,2,0.3333333333333333,0.6666666666666666,0.46209812037329684
riya,4231,4,185890.0,1,0.75,0.25,1.2070784343255752
riya,4232,3,171593.33333333334,1,0.6666666666666666,0.3333333333333333,0.9241962407465937
riya,4233,1,264130.0,0,1.0,0.0,0.6931471805599453
riya,4234,4,48344.0,3,0.25,0.75,0.40235947810852507
riya,4235,1,2901.0,1,0.0,1.0,0.0
riya,4236,5,75991.4,4,0.2,0.8,0.358351893845611
riya,4237,1,1161.0,1,0.0,1.0,0.0
riya,4238,4,37998.75,3,0.25,0.75,0.40235947810852507
riya,4239,2,227080.0,0,1.0,0.0,1.0986122886681098
riya,4240,1,213293.0,0,1.0,0.0,0.6931471805599453
riya,4241,2,135808.5,1,0.5,0.5,0.5493061443340549
riya,4242,5,16046.8,4,0.2,0.8,0.358351893845611
riya,4243,6,1991.6666666666667,6,0.0,1.0,0.0
riya,4244,2,2136.5,2,0.0,1.0,0.0
riya,4245,6,15911.166666666666,6,0.0,1.0,0.0
riya,4246,1,1091.0,1,0.0,1.0,0.0
riya,4247,3,9641.666666666666,3,0.0,1.0,0.0
riya,4248,2,52090.5,1,0.5,0.5,0.5493061443340549
riya,4249,4,66381.0,2,0.5,0.5,0.8047189562170501
riya,4250,3,185826.0,1,0.6666666666666666,0.3333333333333333,0.9241962407465937
riya,4251,5,250616.0,1,0.8,0.2,1.433407575382444
riya,4252,1,326491.0,0,1.0,0.0,0.6931471805599453
riya,4253,1,186921.0,1,0.0,1.0,0.0
riya,4254,2,94404.5,2,0.0,1.0,0.0
riya,4255,1,141595.0,1,0.0,1.0,0.0
riya,4256,1,18994.0,1,0.0,1.0,0.0
riya,4257,1,1997.0,1,0.0,1.0,0.0
riya,4258,2,164902.0,2,0.0,1.0,0.0
riya,4259,5,183702.4,1,0.8,0.2,1.433407575382444
riya,4260,1,26215.0,1,0.0,1.0,0.0
riya,4261,3,68400.0,2,0.3333333333333333,0.6666666666666666,0.46209812037329684
riya,4262,2,1519.0,2,0.0,1.0,0.0
riya,4263,2,18096.0,2,0.0,1.0,0.0
riya,4264,1,1022.0,1,0.0,1.0,0.0
riya,4265,2,97590.0,1,0.5,0.5,0.5493061443340549
riya,4266,3,20885.666666666668,3,0.0,1.0,0.0
riya,4267,3,121242.33333333333,1,0.6666666666666666,0.3333333333333333,0.9241962407465937
riya,4268,1,43793.0,1,0.0,1.0,0.0
riya,4269,2,211140.0,0,1.0,0.0,1.0986122886681098
riya,4270,1,115618.0,0,1.0,0.0,0.6931471805599453
riya,4271,2,71499.0,1,0.5,0.5,0.5493061443340549
riya,4272,2,1973.0,2,0.0,1.0,0.0
riya,4273,4,43016.5,3,0.25,0.75,0.40235947810852507
riya,4274,2,111266.5,1,0.5,0.5,0.5493061443340549
riya,4275,6,197658.5,3,0.5,0.5,0.9729550745276566
riya,4276,4,142426.25,4,0.0,1.0,0.0
riya,4277,3,116721.0,1,0.6666666666666666,0.3333333333333333,0.9241962407465937
riya,4278,1,1045.0,1,0.0,1.0,0.0
riya,4279,1,720.0,1,0.0,1.0,0.0
riya,4280,1,1579.0,1,0.0,1.0,0.0
riya,4281,1,929.0,1,0.0,1.0,0.0
riya,4282,5,55289.2,3,0.4,0.6,0.716703787691222
riya,4283,1,5294.0,1,0.0,1.0,0.0
riya,4284,2,4179.5,2,0.0,1.0,0.0
riya,4285,7,76880.14285714286,4,0.42857142857142855,0.5714285714285714,0.891189232148501
riya,4286,3,102430.33333333333,3,0.0,1.0,0.0
riya,4287,7,92512.85714285714,5,0.2857142857142857,0.7142857142857143,0.5941261547656673
riya,4288,3,1059.6666666666667,3,0.0,1.0,0.0
riya,4289,1,155557.0,0,1.0,0.0,0.6931471805599453
riya,4290,1,7682.0,1,0.0,1.0,0.0
riya,4291,1,9938.0,1,0.0,1.0,0.0
riya,4292,2,25529.5,2,0.0,1.0,0.0
riya,4293,1,86123.0,1,0.0,1.0,0.0
riya,4294,2,905.5,2,0.0,1.0,0.0
riya,4295,3,2252.3333333333335,3,0.0,1.0,0.0
riya,4296,3,79638.66666666667,3,0.0,1.0,0.0
riya,4297,5,81900.0,1,0.6,0.2,1.0750556815368328
riya,4298,2,78588.0,1,0.5,0.5,0.5493061443340549
riya,4299,1,59048.0,1,0.0,1.0,0.0
riya,4300,1,216668.0,0,1.0,0.0,0.6931471805599453
riya,4301,5,4531.2,5,0.0,1.0,0.0
riya,4302,3,86177.66666666667,1,0.6666666666666666,0.3333333333333333,0.9241962407465937
riya,4303,4,74311.75,3,0.25,0.75,0.40235947810852507
riya,4304,2,18785.0,2,0.0,1.0,0.0
riya,4305,5,155172.0,2,0.6,0.4,1.0750556815368328
riya,4306,7,240880.2857142857,2,0.7142857142857143,0.2857142857142857,1.4853153869141684
riya,4307,1,14257.0,1,0.0,1.0,0.0
riya,4308,5,5675.8,5,0.0,1.0,0.0
riya,4309,2,121449.0,1,0.5,0.5,0.5493061443340549
riya,4310,4,171174.0,1,0.75,0.25,1.2070784343255752
riya,4311,5,48543.8,4,0.2,0.8,0.358351893845611
riya,4312,3,55092.0,2,0.3333333333333333,0.6666666666666666,0.46209812037329684
riya,4313,5,60310.2,3,0.4,0.6,0.716703787691222
riya,4314,4,35360.5,3,0.25,0.75,0.40235947810852507
riya,4315,2,39566.5,2,0.0,1.0,0.0
riya,4316,3,74398.66666666667,2,0.3333333333333333,0.6666666666666666,0.46209812037329684
riya,4317,4,60231.5,1,0.5,0.25,0.8047189562170501
riya,4318,5,88415.2,3,0.4,0.6,0.716703787691222
riya,4319,3,32812.0,2,0.3333333333333333,0.6666666666666666,0.46209812037329684
riya,4320,4,56762.0,3,0.25,0.75,0.40235947810852507
riya,4321,3,58086.0,2,0.3333333333333333,0.6666666666666666,0.46209812037329684
riya,4322,3,129831.0,3,0.0,1.0,0.0
riya,4323,3,9229.0,3,0.0,1.0,0.0
riya,4324,3,34717.666666666664,3,0.0,1.0,0.0
riya,4325,4,26175.75,4,0.0,1.0,0.0
riya,4326,4,17894.0,4,0.0,1.0,0.0
riya,4327,4,44293.75,3,0.25,0.75,0.40235947810852507
riya,4328,1,400.0,1,0.0,1.0,0.0
riya,4329,2,592.5,2,0.0,1.0,0.0
riya,4330,2,3859.5,2,0.0,1.0,0.0
riya,4331,4,323646.25,0,1.0,0.0,1.6094379124341003
riya,4332,3,89847.66666666667,2,0.3333333333333333,0.6666666666666666,0.46209812037329684
riya,4333,12,134226.41666666666,5,0.5833333333333334,0.4166666666666667,1.4962204585192298
riya,4334,16,147639.1875,1,0.9375,0.0625,2.6561375100527025
riya,4335,1,191060.0,1,0.0,1.0,0.0
riya,4336,1,241783.0,0,1.0,0.0,0.6931471805599453
riya,4337,1,103846.0,1,0.0,1.0,0.0
riya,4338,1,17879.0,1,0.0,1.0,0.0
riya,4339,3,77217.0,1,0.6666666666666666,0.3333333333333333,0.9241962407465937
riya,4340,5,104892.4,3,0.4,0.6,0.716703787691222
riya,4341,1,882.0,1,0.0,1.0,0.0
riya,4342,8,91815.625,5,0.375,0.625,0.8239592165010823
riya,4343,5,102353.4,2,0.6,0.4,1.0750556815368328
riya,4344,3,130844.66666666667,1,0.6666666666666666,0.3333333333333333,0.9241962407465937
riya,4345,4,135902.25,1,0.75,0.25,1.2070784343255752
riya,4346,3,33010.666666666664,3,0.0,1.0,0.0
riya,4347,4,79873.0,3,0.25,0.75,0.40235947810852507
riya,4348,1,511.0,1,0.0,1.0,0.0
riya,4349,5,34495.4,3,0.2,0.6,0.358351893845611
riya,4350,1,3701.0,1,0.0,1.0,0.0
riya,4351,2,2763.0,2,0.0,1.0,0.0
riya,4352,2,22603.5,2,0.0,1.0,0.0
riya,4353,1,185646.0,0,1.0,0.0,0.6931471805599453
riya,4354,4,21811.75,4,0.0,1.0,0.0
riya,4355,3,59934.666666666664,1,0.3333333333333333,0.3333333333333333,0.46209812037329684
riya,4356,4,26809.75,4,0.0,1.0,0.0
riya,4357,4,201278.5,0,1.0,0.0,1.6094379124341003
riya,4358,2,129293.0,0,1.0,0.0,1.0986122886681098
riya,4359,2,166033.0,0,1.0,0.0,1.0986122886681098
riya,4360,1,109206.0,1,0.0,1.0,0.0
riya,4361,3,183175.0,0,1.0,0.0,1.3862943611198906
riya,4362,5,80862.2,2,0.6,0.4,1.0750556815368328
riya,4363,1,253983.0,0,1.0,0.0,0.6931471805599453
riya,4364,2,164904.5,0,1.0,0.0,1.0986122886681098
riya,4365,3,312961.3333333333,0,1.0,0.0,1.3862943611198906
riya,4366,3,7379.0,3,0.0,1.0,0.0
riya,4367,1,929.0,1,0.0,1.0,0.0
riya,4368,7,188667.57142857142,2,0.7142857142857143,0.2857142857142857,1.4853153869141684
riya,4369,3,5762.666666666667,3,0.0,1.0,0.0
riya,4370,3,190450.66666666666,1,0.6666666666666666,0.3333333333333333,0.9241962407465937
riya,4371,1,168205.0,0,1.0,0.0,0.6931471805599453
riya,4372,1,2170.0,1,0.0,1.0,0.0
riya,4373,1,1060.0,1,0.0,1.0,0.0
riya,4374,2,1022.5,2,0.0,1.0,0.0
riya,4375,1,840.0,1,0.0,1.0,0.0
riya,4376,1,850.0,1,0.0,1.0,0.0
riya,4377,4,94711.25,1,0.75,0.25,1.2070784343255752
riya,4378,1,202240.0,0,1.0,0.0,0.6931471805599453
riya,4379,2,169319.5,0,1.0,0.0,1.0986122886681098
riya,4380,2,198630.0,0,1.0,0.0,1.0986122886681098
riya,4381,2,188578.5,1,0.5,0.5,0.5493061443340549
riya,4382,5,163846.0,1,0.8,0.2,1.433407575382444
riya,4383,2,98498.5,1,0.5,0.5,0.5493061443340549
riya,4384,4,84854.5,2,0.5,0.5,0.8047189562170501
riya,4385,2,250337.0,0,1.0,0.0,1.0986122886681098
riya,4386,2,77628.0,1,0.5,0.5,0.5493061443340549
riya,4387,3,277046.0,0,1.0,0.0,1.3862943611198906
riya,4388,3,55339.666666666664,3,0.0,1.0,0.0
riya,4389,1,1180.0,1,0.0,1.0,0.0
riya,4390,5,57093.0,4,0.2,0.8,0.358351893845611
riya,4391,2,85992.0,1,0.5,0.5,0.5493061443340549
riya,4392,2,224494.5,1,0.5,0.5,0.5493061443340549
riya,4393,2,56833.5,2,0.0,1.0,0.0
riya,4394,3,81928.66666666667,1,0.6666666666666666,0.3333333333333333,0.9241962407465937
riya,4395,3,137130.33333333334,2,0.3333333333333333,0.6666666666666666,0.46209812037329684
riya,4396,2,114698.5,1,0.5,0.5,0.5493061443340549
riya,4397,2,102758.0,1,0.5,0.5,0.5493061443340549
riya,4398,2,46071.0,2,0.0,1.0,0.0
riya,4399,4,10575.0,3,0.25,0.75,0.0
riya,4400,4,89754.75,1,0.75,0.25,1.2070784343255752
riya,4401,5,93994.6,2,0.4,0.4,0.716703787691222
riya,4402,2,88725.0,1,0.5,0.5,0.5493061443340549
riya,4403,6,103702.0,3,0.5,0.5,0.9729550745276566
riya,4404,1,224903.0,0,1.0,0.0,0.6931471805599453
riya,4405,1,122978.0,1,0.0,1.0,0.0
riya,4406,5,384830.8,2,0.6,0.4,1.0750556815368328
riya,4407,4,247125.5,0,1.0,0.0,1.6094379124341003
riya,4408,3,212346.66666666666,1,0.6666666666666666,0.3333333333333333,0.9241962407465937
riya,4409,4,280518.5,0,1.0,0.0,1.6094379124341003
riya,4410,7,189631.2857142857,3,0.5714285714285714,0.42857142857142855,1.1882523095313346
riya,4411,3,195189.0,0,1.0,0.0,1.3862943611198906
riya,4412,2,197244.5,0,1.0,0.0,1.0986122886681098
riya,4413,2,294719.0,1,0.5,0.5,0.5493061443340549
riya,4414,1,145117.0,0,1.0,0.0,0.6931471805599453
riya,4415,1,162318.0,0,1.0,0.0,0.6931471805599453
riya,4416,1,130225.0,1,0.0,1.0,0.0
riya,4417,2,234505.0,0,1.0,0.0,1.0986122886681098
riya,4418,1,179260.0,0,1.0,0.0,0.6931471805599453
riya,4419,1,75014.0,1,0.0,1.0,0.0
riya,4420,1,91850.0,1,0.0,1.0,0.0
riya,4421,2,97884.0,0,0.5,0.0,0.5493061443340549
riya,4422,1,249067.0,0,1.0,0.0,0.6931471805599453
riya,4423,4,73484.0,4,0.0,1.0,0.0
riya,4424,3,3841.6666666666665,3,0.0,1.0,0.0
riya,4425,3,1478.6666666666667,3,0.0,1.0,0.0
riya,4426,2,45238.0,2,0.0,1.0,0.0
riya,4427,2,947.0,2,0.0,1.0,0.0
riya,4428,2,187066.5,1,0.5,0.5,0.5493061443340549
riya,4429,5,83573.0,3,0.2,0.6,0.358351893845611
riya,4430,1,11685.0,1,0.0,1.0,0.0
riya,4431,8,150147.25,2,0.75,0.25,1.6479184330021646
riya,4432,1,209.0,0,0.0,0.0,0.0
riya,4433,1,220226.0,0,1.0,0.0,0.6931471805599453
riya,4434,2,238627.0,0,1.0,0.0,1.0986122886681098
riya,4435,1,267080.0,0,1.0,0.0,0.6931471805599453
riya,4436,2,229360.0,0,1.0,0.0,1.0986122886681098
riya,4437,1,239987.0,0,1.0,0.0,0.6931471805599453
riya,4438,1,19698.0,1,0.0,1.0,0.0
riya,4439,1,264373.0,0,1.0,0.0,0.6931471805599453
riya,4440,1,7931.0,1,0.0,1.0,0.0
riya,4441,2,221253.0,0,1.0,0.0,1.0986122886681098
riya,4442,1,235493.0,0,1.0,0.0,0.6931471805599453
riya,4443,1,182306.0,0,1.0,0.0,0.6931471805599453
riya,4444,1,91994.0,0,1.0,0.0,0.6931471805599453
riya,4445,1,283227.0,0,1.0,0.0,0.6931471805599453
riya,4446,1,27453.0,1,0.0,1.0,0.0
riya,4447,1,13073.0,1,0.0,1.0,0.0
riya,4448,22,222078.4090909091,2,0.9090909090909091,0.09090909090909091,2.850449287208318
riya,4449,8,156423.5,3,0.625,0.375,1.3732653608351373
riya,4450,5,101452.0,2,0.6,0.4,1.0750556815368328
riya,4451,3,46398.666666666664,2,0.3333333333333333,0.6666666666666666,0.46209812037329684
riya,4452,4,83394.75,1,0.5,0.25,0.8047189562170501
riya,4453,2,117444.5,1,0.5,0.5,0.5493061443340549
riya,4454,2,1463.0,2,0.0,1.0,0.0
riya,4455,4,22308.25,3,0.25,0.75,0.40235947810852507
riya,4456,2,952.0,2,0.0,1.0,0.0
riya,4457,3,214222.33333333334,0,1.0,0.0,1.3862943611198906
riya,4458,1,29218.0,1,0.0,1.0,0.0
riya,4459,5,120081.4,3,0.4,0.6,0.716703787691222
riya,4460,2,49034.0,2,0.0,1.0,0.0
riya,4461,2,98186.5,1,0.5,0.5,0.5493061443340549
riya,4462,4,2007.25,4,0.0,1.0,0.0
riya,4463,2,133305.5,1,0.5,0.5,0.5493061443340549
riya,4464,1,26531.0,1,0.0,1.0,0.0
riya,4465,1,1115.0,1,0.0,1.0,0.0
riya,4466,1,1115.0,1,0.0,1.0,0.0
riya,4467,4,2140.25,4,0.0,1.0,0.0
riya,4468,3,47429.333333333336,2,0.3333333333333333,0.6666666666666666,0.46209812037329684
riya,4469,4,19058.75,4,0.0,1.0,0.0
riya,4470,1,6107.0,1,0.0,1.0,0.0
riya,4471,2,72443.5,1,0.5,0.5,0.5493061443340549
riya,4472,2,11169.0,2,0.0,1.0,0.0
riya,4473,3,80964.66666666667,2,0.3333333333333333,0.6666666666666666,0.46209812037329684
riya,4474,4,124446.0,2,0.5,0.5,0.8047189562170501
riya,4475,4,71649.75,0,0.5,0.0,0.8047189562170501
riya,4476,5,69435.2,3,0.4,0.6,0.716703787691222
riya,4477,3,181250.0,0,1.0,0.0,1.3862943611198906
riya,4478,4,120223.0,2,0.5,0.5,0.8047189562170501
riya,4479,6,103282.16666666667,3,0.3333333333333333,0.5,0.648636716351771
riya,4480,1,12789.0,1,0.0,1.0,0.0
riya,4481,1,43068.0,1,0.0,1.0,0.0
riya,4482,1,212000.0,0,1.0,0.0,0.6931471805599453
riya,4483,1,83782.0,1,0.0,1.0,0.0
riya,4484,1,156760.0,1,0.0,1.0,0.0
riya,4485,1,37134.0,1,0.0,1.0,0.0
riya,4486,3,108341.33333333333,1,0.6666666666666666,0.3333333333333333,0.9241962407465937
riya,4487,5,61366.8,3,0.4,0.6,0.716703787691222
riya,4488,4,54368.5,4,0.0,1.0,0.0
riya,4489,1,56151.0,1,0.0,1.0,0.0
riya,4490,2,175248.5,2,0.0,1.0,0.0
riya,4491,4,47681.0,4,0.0,1.0,0.0
riya,4492,2,83744.5,1,0.5,0.5,0.5493061443340549
riya,4493,1,242947.0,0,1.0,0.0,0.6931471805599453
riya,4494,2,70995.5,1,0.5,0.5,0.5493061443340549
riya,4495,3,107343.33333333333,1,0.6666666666666666,0.3333333333333333,0.9241962407465937
riya,4496,6,256042.66666666666,0,1.0,0.0,1.9459101490553132
riya,4497,1,155121.0,0,1.0,0.0,0.6931471805599453
riya,4498,2,50277.0,2,0.0,1.0,0.0
riya,4499,2,90163.0,1,0.5,0.5,0.5493061443340549
riya,4500,3,12642.0,3,0.0,1.0,0.0
riya,4501,2,111602.0,1,0.5,0.5,0.5493061443340549
riya,4502,3,110401.0,2,0.3333333333333333,0.6666666666666666,0.46209812037329684
riya,4503,3,1215.3333333333333,3,0.0,1.0,0.0
riya,4504,2,14793.0,2,0.0,1.0,0.0
riya,4505,5,1551.0,5,0.0,1.0,0.0
riya,4506,2,4284.0,1,0.0,0.5,0.0
riya,4507,4,14323.25,3,0.0,0.75,0.0
riya,4508,2,111981.0,1,0.5,0.5,0.5493061443340549
riya,4509,2,122930.5,1,0.5,0.5,0.5493061443340549
riya,4510,3,132354.33333333334,1,0.6666666666666666,0.3333333333333333,0.9241962407465937
riya,4511,6,241588.16666666666,5,0.16666666666666666,0.8333333333333334,0.3243183581758855
riya,4512,1,76051.0,1,0.0,1.0,0.0
riya,4513,1,49389.0,1,0.0,1.0,0.0
riya,4514,1,218493.0,0,1.0,0.0,0.6931471805599453
riya,4515,1,181360.0,0,1.0,0.0,0.6931471805599453
riya,4516,4,122239.5,2,0.5,0.5,0.8047189562170501
riya,4517,2,102031.5,1,0.5,0.5,0.5493061443340549
riya,4518,2,176315.0,0,1.0,0.0,1.0986122886681098
riya,4519,2,78758.5,1,0.5,0.5,0.5493061443340549
riya,4520,2,81904.5,0,1.0,0.0,1.0986122886681098
riya,4521,2,50607.5,2,0.0,1.0,0.0
riya,4522,1,3019.0,1,0.0,1.0,0.0
riya,4523,2,107147.5,1,0.5,0.5,0.5493061443340549
riya,4524,5,221005.6,1,0.8,0.2,1.433407575382444
riya,4525,2,46782.5,2,0.0,1.0,0.0
riya,4526,2,64598.0,2,0.0,1.0,0.0
riya,4527,3,148933.0,1,0.6666666666666666,0.3333333333333333,0.9241962407465937
riya,4528,9,73225.55555555556,6,0.3333333333333333,0.6666666666666666,0.7675283643313486
riya,4529,1,65190.0,1,0.0,1.0,0.0
riya,4530,2,9696.5,2,0.0,1.0,0.0
riya,4531,1,26746.0,1,0.0,1.0,0.0
riya,4532,2,98209.0,0,1.0,0.0,1.0986122886681098
riya,4533,1,20756.0,1,0.0,1.0,0.0
riya,4534,4,123051.5,2,0.5,0.5,0.8047189562170501
riya,4535,1,56912.0,1,0.0,1.0,0.0
riya,4536,10,193669.1,2,0.8,0.2,1.9183162182386966
riya,4537,2,111001.0,1,0.5,0.5,0.5493061443340549
riya,4538,4,64758.25,3,0.25,0.75,0.40235947810852507
riya,4539,6,133429.0,5,0.16666666666666666,0.8333333333333334,0.3243183581758855
riya,4540,1,33506.0,1,0.0,1.0,0.0
riya,4541,6,62914.166666666664,4,0.3333333333333333,0.6666666666666666,0.648636716351771
riya,4542,6,120991.83333333333,2,0.6666666666666666,0.3333333333333333,1.297273432703542
riya,4543,1,89378.0,0,1.0,0.0,0.6931471805599453
riya,4544,2,117086.5,0,0.5,0.0,0.5493061443340549
riya,4545,1,21751.0,1,0.0,1.0,0.0
riya,4546,1,9296.0,1,0.0,1.0,0.0
riya,4547,2,106726.5,1,0.5,0.5,0.5493061443340549
riya,4548,5,77392.8,4,0.2,0.8,0.358351893845611
riya,4549,8,102802.5,3,0.625,0.375,1.3732653608351373
riya,4550,4,49814.0,3,0.25,0.75,0.40235947810852507
riya,4551,1,1176.0,1,0.0,1.0,0.0
riya,4552,7,186728.14285714287,2,0.7142857142857143,0.2857142857142857,1.4853153869141684
riya,4553,3,54770.666666666664,2,0.3333333333333333,0.6666666666666666,0.46209812037329684
riya,4554,5,44740.6,4,0.2,0.8,0.358351893845611
riya,4555,1,176255.0,1,0.0,1.0,0.0
riya,4556,1,241762.0,0,1.0,0.0,0.6931471805599453
riya,4557,1,204097.0,1,0.0,1.0,0.0
riya,4558,1,21301.0,1,0.0,1.0,0.0
riya,4559,1,206602.0,1,0.0,1.0,0.0
riya,4560,1,212917.0,1,0.0,1.0,0.0
riya,4561,1,126080.0,1,0.0,1.0,0.0
riya,4562,1,26806.0,1,0.0,1.0,0.0
riya,4563,1,20620.0,1,0.0,1.0,0.0
riya,4564,1,293040.0,0,1.0,0.0,0.6931471805599453
riya,4565,1,178586.0,0,1.0,0.0,0.6931471805599453
riya,4566,1,296186.0,0,1.0,0.0,0.6931471805599453
riya,4567,1,0.0,0,0.0,0.0,0.0
riya,4568,1,196213.0,0,1.0,0.0,0.6931471805599453
riya,4569,5,140222.4,1,0.6,0.2,1.0750556815368328
riya,4570,1,150009.0,0,1.0,0.0,0.6931471805599453
riya,4571,1,129613.0,0,1.0,0.0,0.6931471805599453
riya,4572,1,19961.0,1,0.0,1.0,0.0
riya,4573,2,100942.5,1,0.5,0.5,0.5493061443340549
riya,4574,2,180898.0,1,0.5,0.5,0.5493061443340549
riya,4575,1,116653.0,1,0.0,1.0,0.0
riya,4576,5,139775.8,2,0.6,0.4,1.0750556815368328
riya,4577,8,145506.125,2,0.75,0.25,1.6479184330021646
riya,4578,1,145964.0,0,1.0,0.0,0.6931471805599453
riya,4579,4,53105.0,3,0.25,0.75,0.40235947810852507
riya,4580,2,3059.5,2,0.0,1.0,0.0
riya,4581,4,89339.0,2,0.5,0.5,0.8047189562170501
riya,4582,5,44296.8,4,0.2,0.8,0.358351893845611
riya,4583,3,57126.333333333336,2,0.3333333333333333,0.6666666666666666,0.46209812037329684
riya,4584,4,6002.75,4,0.0,1.0,0.0
riya,4585,5,45887.0,5,0.0,1.0,0.0
riya,4586,18,126132.16666666667,6,0.6666666666666666,0.3333333333333333,1.9629593194442934
riya,4587,2,90260.5,2,0.0,1.0,0.0
riya,4588,58,214971.58620689655,5,0.8793103448275862,0.08620689655172414,3.585420855848133
riya,4589,1,241859.0,1,0.0,1.0,0.0
riya,4590,1,135752.0,0,1.0,0.0,0.6931471805599453
riya,4591,4,80888.75,2,0.5,0.5,0.8047189562170501
riya,4592,1,859.0,1,0.0,1.0,0.0
riya,4593,3,12729.666666666666,3,0.0,1.0,0.0
riya,4594,1,279.0,1,0.0,1.0,0.0
riya,4595,1,6989.0,1,0.0,1.0,0.0
riya,4596,4,96845.0,2,0.25,0.5,0.40235947810852507
riya,4597,2,14871.5,2,0.0,1.0,0.0
riya,4598,1,163979.0,1,0.0,1.0,0.0
riya,4599,4,150508.5,1,0.75,0.25,1.2070784343255752
riya,4600,2,84443.0,1,0.5,0.5,0.5493061443340549
riya,4601,2,296683.5,2,0.0,1.0,0.0
riya,4602,3,148434.0,0,1.0,0.0,1.3862943611198906
riya,4603,6,182274.0,1,0.8333333333333334,0.16666666666666666,1.6215917908794277
riya,4604,2,969.0,2,0.0,1.0,0.0
riya,4605,2,63723.0,1,0.5,0.5,0.5493061443340549
riya,4606,3,131317.66666666666,1,0.6666666666666666,0.3333333333333333,0.9241962407465937
riya,4607,3,63410.0,3,0.0,1.0,0.0
riya,4608,2,30083.5,2,0.0,1.0,0.0
riya,4609,2,81685.5,2,0.0,1.0,0.0
riya,4610,1,191429.0,0,1.0,0.0,0.6931471805599453
riya,4611,1,174935.0,0,1.0,0.0,0.6931471805599453
riya,4612,3,77067.33333333333,2,0.3333333333333333,0.6666666666666666,0.46209812037329684
riya,4613,4,51167.75,4,0.0,1.0,0.0
riya,4614,3,216779.0,1,0.6666666666666666,0.3333333333333333,0.9241962407465937
riya,4615,1,253663.0,0,1.0,0.0,0.6931471805599453
riya,4616,1,183880.0,0,1.0,0.0,0.6931471805599453
riya,4617,1,0.0,1,0.0,1.0,0.0
riya,4618,2,49598.5,1,0.5,0.5,0.5493061443340549
riya,4619,3,91506.33333333333,2,0.3333333333333333,0.6666666666666666,0.46209812037329684
riya,4620,3,46811.333333333336,3,0.0,1.0,0.0
riya,4621,1,184534.0,0,1.0,0.0,0.6931471805599453
riya,4622,2,55043.0,1,0.5,0.5,0.5493061443340549
riya,4623,1,58003.0,1,0.0,1.0,0.0
riya,4624,1,180280.0,0,1.0,0.0,0.6931471805599453
riya,4625,1,137026.0,0,1.0,0.0,0.6931471805599453
riya,4626,1,91557.0,1,0.0,1.0,0.0
riya,4627,1,157125.0,1,0.0,1.0,0.0
riya,4628,2,121133.5,1,0.5,0.5,0.5493061443340549
riya,4629,3,26919.666666666668,3,0.0,1.0,0.0
riya,4630,3,188151.66666666666,1,0.6666666666666666,0.3333333333333333,0.9241962407465937
riya,4631,4,78402.0,1,0.5,0.25,0.8047189562170501
riya,4632,1,3708.0,1,0.0,1.0,0.0
riya,4633,1,99265.0,1,0.0,1.0,0.0
riya,4634,2,142136.0,1,0.5,0.5,0.5493061443340549
riya,4635,1,4481.0,1,0.0,1.0,0.0
riya,4636,2,43437.0,1,0.5,0.5,0.5493061443340549
riya,4637,1,650.0,1,0.0,1.0,0.0
riya,4638,3,15283.666666666666,3,0.0,1.0,0.0
riya,4639,1,45534.0,1,0.0,1.0,0.0
riya,4640,3,23664.666666666668,3,0.0,1.0,0.0
riya,4641,8,199989.5,1,0.875,0.125,1.922571505169192
riya,4642,3,124795.33333333333,1,0.6666666666666666,0.3333333333333333,0.9241962407465937
riya,4643,3,85293.33333333333,2,0.3333333333333333,0.6666666666666666,0.46209812037329684
riya,4644,7,152833.42857142858,2,0.7142857142857143,0.2857142857142857,1.4853153869141684
riya,4645,3,1698.6666666666667,3,0.0,1.0,0.0
riya,4646,3,227409.0,0,1.0,0.0,1.3862943611198906
riya,4647,1,207509.0,1,0.0,1.0,0.0
riya,4648,1,170832.0,0,1.0,0.0,0.6931471805599453
riya,4649,3,95994.33333333333,1,0.6666666666666666,0.3333333333333333,0.9241962407465937
riya,4650,5,154053.6,1,0.8,0.2,1.433407575382444
riya,4651,1,209.0,1,0.0,1.0,0.0
riya,4652,1,225582.0,1,0.0,1.0,0.0
riya,4653,1,196693.0,0,1.0,0.0,0.6931471805599453
riya,4654,1,214174.0,1,0.0,1.0,0.0
riya,4655,2,1173.0,2,0.0,1.0,0.0
riya,4656,1,6951.0,1,0.0,1.0,0.0
riya,4657,1,882.0,1,0.0,1.0,0.0
riya,4658,1,1068.0,1,0.0,1.0,0.0
riya,4659,1,13667.0,1,0.0,1.0,0.0
riya,4660,1,1254.0,1,0.0,1.0,0.0
riya,4661,1,230400.0,0,1.0,0.0,0.6931471805599453
riya,4662,1,223440.0,0,1.0,0.0,0.6931471805599453
riya,4663,1,9255.0,1,0.0,1.0,0.0
riya,4664,3,5249.0,3,0.0,1.0,0.0
riya,4665,1,1068.0,1,0.0,1.0,0.0
riya,4666,1,218106.0,0,1.0,0.0,0.6931471805599453
riya,4667,1,171445.0,1,0.0,1.0,0.0
riya,4668,2,243535.0,0,1.0,0.0,1.0986122886681098
riya,4669,3,100162.33333333333,1,0.6666666666666666,0.3333333333333333,0.9241962407465937
riya,4670,1,418.0,0,0.0,0.0,0.0
riya,4671,2,149791.5,1,0.5,0.5,0.5493061443340549
riya,4672,13,310925.6153846154,1,0.9230769230769231,0.07692307692307693,2.436052919644854
riya,4673,1,264011.0,0,1.0,0.0,0.6931471805599453
riya,4674,1,225336.0,0,1.0,0.0,0.6931471805599453
riya,4675,1,186649.0,0,1.0,0.0,0.6931471805599453
riya,4676,8,136058.75,3,0.625,0.375,1.3732653608351373
riya,4677,1,312735.0,1,0.0,1.0,0.0
riya,4678,2,174384.0,0,1.0,0.0,1.0986122886681098
riya,4679,4,96917.25,1,0.5,0.25,0.8047189562170501
riya,4680,1,29002.0,1,0.0,1.0,0.0
riya,4681,2,86894.5,0,1.0,0.0,1.0986122886681098
riya,4682,2,139775.0,0,1.0,0.0,1.0986122886681098
riya,4683,1,81853.0,0,1.0,0.0,0.6931471805599453
riya,4684,1,88937.0,0,1.0,0.0,0.6931471805599453
riya,4685,4,140548.5,0,1.0,0.0,1.6094379124341003
riya,4686,2,79922.0,0,1.0,0.0,1.0986122886681098
riya,4687,4,123985.0,1,0.5,0.25,0.8047189562170501
riya,4688,3,70763.0,2,0.3333333333333333,0.6666666666666666,0.46209812037329684
riya,4689,1,174431.0,0,1.0,0.0,0.6931471805599453
riya,4690,3,215255.0,2,0.3333333333333333,0.6666666666666666,0.46209812037329684
riya,4691,3,83803.33333333333,2,0.3333333333333333,0.6666666666666666,0.46209812037329684
riya,4692,1,108484.0,1,0.0,1.0,0.0
riya,4693,7,179939.14285714287,1,0.8571428571428571,0.14285714285714285,1.782378464297002
riya,4694,8,117187.125,3,0.625,0.375,1.3732653608351373
riya,4695,3,124683.0,2,0.3333333333333333,0.6666666666666666,0.46209812037329684
riya,4696,1,166586.0,0,1.0,0.0,0.6931471805599453
riya,4697,1,4053.0,1,0.0,1.0,0.0
riya,4698,3,174701.0,1,0.6666666666666666,0.3333333333333333,0.9241962407465937
riya,4699,5,196037.0,0,1.0,0.0,1.791759469228055
riya,4700,1,252733.0,0,1.0,0.0,0.6931471805599453
riya,4701,2,5835.5,2,0.0,1.0,0.0
riya,4702,3,859.0,3,0.0,1.0,0.0
riya,4703,2,130257.0,1,0.5,0.5,0.5493061443340549
riya,4704,1,123616.0,1,0.0,1.0,0.0
riya,4705,2,1307.0,2,0.0,1.0,0.0
riya,4706,1,4050.0,1,0.0,1.0,0.0
riya,4707,1,100233.0,1,0.0,1.0,0.0
riya,4708,1,100763.0,0,1.0,0.0,0.6931471805599453
riya,4709,2,204886.5,2,0.0,1.0,0.0
riya,4710,1,212440.0,0,1.0,0.0,0.6931471805599453
riya,4711,3,91022.0,1,0.6666666666666666,0.3333333333333333,0.9241962407465937
riya,4712,3,23333.0,2,0.3333333333333333,0.6666666666666666,0.46209812037329684
riya,4713,2,12975.0,1,0.0,0.5,0.0
riya,4714,2,357709.0,0,1.0,0.0,1.0986122886681098
riya,4715,7,198615.85714285713,1,0.8571428571428571,0.14285714285714285,1.782378464297002
riya,4716,3,214680.0,0,1.0,0.0,1.3862943611198906
riya,4717,2,79798.0,1,0.5,0.5,0.5493061443340549
riya,4718,6,196864.0,1,0.8333333333333334,0.16666666666666666,1.6215917908794277
riya,4719,4,186225.25,1,0.75,0.25,1.2070784343255752
riya,4720,3,130027.0,1,0.6666666666666666,0.3333333333333333,0.9241962407465937
riya,4721,1,278126.0,0,1.0,0.0,0.6931471805599453
riya,4722,4,65313.75,1,0.5,0.25,0.8047189562170501
riya,4723,3,184516.0,0,1.0,0.0,1.3862943611198906
riya,4724,1,24460.0,1,0.0,1.0,0.0
riya,4725,3,124804.33333333333,1,0.6666666666666666,0.3333333333333333,0.9241962407465937
riya,4726,3,217000.0,0,1.0,0.0,1.3862943611198906
riya,4727,2,249667.5,0,1.0,0.0,1.0986122886681098
riya,4728,2,144394.5,1,0.5,0.5,0.5493061443340549
riya,4729,5,154340.8,0,1.0,0.0,1.791759469228055
riya,4730,3,158360.0,0,1.0,0.0,1.3862943611198906
riya,4731,2,68236.5,1,0.5,0.5,0.5493061443340549
riya,4732,3,153877.66666666666,1,0.6666666666666666,0.3333333333333333,0.9241962407465937
riya,4733,1,4480.0,1,0.0,1.0,0.0
riya,4734,2,21180.0,2,0.0,1.0,0.0
riya,4735,2,5922.5,2,0.0,1.0,0.0
riya,4736,2,30370.0,2,0.0,1.0,0.0
riya,4737,3,1921.3333333333333,3,0.0,1.0,0.0
riya,4738,4,5999.75,3,0.0,0.75,0.0
riya,4739,1,250.0,1,0.0,1.0,0.0
riya,4740,2,39412.5,2,0.0,1.0,0.0
riya,4741,3,2438.0,3,0.0,1.0,0.0
riya,4742,1,10987.0,1,0.0,1.0,0.0
riya,4743,2,81331.5,2,0.0,1.0,0.0
riya,4744,1,7403.0,1,0.0,1.0,0.0
riya,4745,1,7787.0,1,0.0,1.0,0.0
riya,4746,1,6998.0,1,0.0,1.0,0.0
riya,4747,1,6614.0,1,0.0,1.0,0.0
riya,4748,1,4737.0,1,0.0,1.0,0.0
riya,4749,1,4330.0,1,0.0,1.0,0.0
riya,4750,2,5667.5,0,0.0,0.0,0.0
riya,4751,1,8299.0,1,0.0,1.0,0.0
riya,4752,8,80872.625,6,0.25,0.75,0.5493061443340549
riya,4753,3,10228.333333333334,3,0.0,1.0,0.0
riya,4754,16,177095.5625,2,0.8125,0.125,2.3019858420456756
riya,4755,8,93184.375,4,0.5,0.5,1.0986122886681098
riya,4756,1,406849.0,1,0.0,1.0,0.0
riya,4757,1,37174.0,1,0.0,1.0,0.0
riya,4758,2,21381.0,2,0.0,1.0,0.0
riya,4759,2,1184.0,2,0.0,1.0,0.0
riya,4760,1,882.0,1,0.0,1.0,0.0
riya,4761,1,836.0,1,0.0,1.0,0.0
riya,4762,2,18251.5,2,0.0,1.0,0.0
riya,4763,2,72177.5,1,0.5,0.5,0.5493061443340549
riya,4764,1,179244.0,0,1.0,0.0,0.6931471805599453
riya,4765,1,65864.0,0,1.0,0.0,0.6931471805599453
riya,4766,1,131173.0,0,1.0,0.0,0.6931471805599453
riya,4767,2,169107.0,0,1.0,0.0,1.0986122886681098
riya,4768,3,9865.333333333334,3,0.0,1.0,0.0
riya,4769,4,35263.25,4,0.0,1.0,0.0
riya,4770,4,33034.25,4,0.0,1.0,0.0
riya,4771,3,158320.0,1,0.6666666666666666,0.3333333333333333,0.9241962407465937
riya,4772,2,5407.0,2,0.0,1.0,0.0
riya,4773,5,95904.6,2,0.6,0.4,1.0750556815368328
riya,4774,2,836.0,2,0.0,1.0,0.0
riya,4775,1,18019.0,1,0.0,1.0,0.0
riya,4776,2,142107.0,1,0.5,0.5,0.5493061443340549
riya,4777,2,66130.5,1,0.5,0.5,0.5493061443340549
riya,4778,1,10301.0,1,0.0,1.0,0.0
riya,4779,1,121812.0,1,0.0,1.0,0.0
riya,4780,1,24776.0,1,0.0,1.0,0.0
riya,4781,2,145414.0,0,1.0,0.0,1.0986122886681098
riya,4782,2,24462.5,2,0.0,1.0,0.0
riya,4783,1,32264.0,1,0.0,1.0,0.0
riya,4784,2,167823.0,0,1.0,0.0,1.0986122886681098
riya,4785,3,202707.0,0,1.0,0.0,1.3862943611198906
riya,4786,1,97119.0,1,0.0,1.0,0.0
riya,4787,3,205046.33333333334,0,1.0,0.0,1.3862943611198906
riya,4788,1,140609.0,1,0.0,1.0,0.0
riya,4789,1,108772.0,1,0.0,1.0,0.0
riya,4790,1,259831.0,0,1.0,0.0,0.6931471805599453
riya,4791,4,188095.0,0,1.0,0.0,1.6094379124341003
riya,4792,2,164271.0,1,0.5,0.5,0.5493061443340549
riya,4793,1,184314.0,0,1.0,0.0,0.6931471805599453
riya,4794,1,174557.0,1,0.0,1.0,0.0
riya,4795,1,97988.0,1,0.0,1.0,0.0
riya,4796,1,185086.0,0,1.0,0.0,0.6931471805599453
riya,4797,2,3810.0,2,0.0,1.0,0.0
riya,4798,8,90760.0,3,0.5,0.375,1.0986122886681098
riya,4799,8,146475.0,0,1.0,0.0,2.1972245773362196
riya,4800,5,211226.2,1,0.8,0.2,1.433407575382444
riya,4801,1,17015.0,1,0.0,1.0,0.0
riya,4802,5,9556.4,4,0.2,0.8,0.0
riya,4803,2,174817.5,1,0.5,0.5,0.5493061443340549
riya,4804,1,9154.0,1,0.0,1.0,0.0
riya,4805,1,144962.0,1,0.0,1.0,0.0
riya,4806,2,6823.0,1,0.0,0.5,0.0
riya,4807,1,1509.0,1,0.0,1.0,0.0
riya,4808,3,172359.0,0,1.0,0.0,1.3862943611198906
riya,4809,2,32410.5,2,0.0,1.0,0.0
riya,4810,1,11499.0,1,0.0,1.0,0.0
riya,4811,2,12972.5,2,0.0,1.0,0.0
riya,4812,5,6175.8,5,0.0,1.0,0.0
riya,4813,7,128034.57142857143,3,0.5714285714285714,0.42857142857142855,1.1882523095313346
riya,4814,1,107533.0,0,1.0,0.0,0.6931471805599453
riya,4815,1,3228.0,1,0.0,1.0,0.0
riya,4816,1,5467.0,1,0.0,1.0,0.0
riya,4817,3,66504.66666666667,3,0.0,1.0,0.0
riya,4818,2,67103.0,0,1.0,0.0,1.0986122886681098
riya,4819,2,5794.5,2,0.0,1.0,0.0
riya,4820,3,1060.3333333333333,3,0.0,1.0,0.0
riya,4821,3,4387.333333333333,3,0.0,1.0,0.0
riya,4822,1,697.0,1,0.0,1.0,0.0
riya,4823,3,1457.3333333333333,3,0.0,1.0,0.0
riya,4824,3,41834.0,3,0.0,1.0,0.0
riya,4825,1,7663.0,1,0.0,1.0,0.0
riya,4826,10,227922.4,1,0.9,0.1,2.1581057455185335
riya,4827,1,198809.0,0,1.0,0.0,0.6931471805599453
riya,4828,1,284226.0,0,1.0,0.0,0.6931471805599453
riya,4829,1,94011.0,1,0.0,1.0,0.0
riya,4830,5,114536.6,2,0.6,0.4,1.0750556815368328
riya,4831,3,192798.0,0,1.0,0.0,1.3862943611198906
riya,4832,1,82688.0,1,0.0,1.0,0.0
riya,4833,1,323716.0,0,1.0,0.0,0.6931471805599453
riya,4834,1,73064.0,1,0.0,1.0,0.0
riya,4835,1,94890.0,1,0.0,1.0,0.0
riya,4836,2,945.0,2,0.0,1.0,0.0
riya,4837,1,1090.0,1,0.0,1.0,0.0
riya,4838,4,168460.25,1,0.75,0.25,1.2070784343255752
riya,4839,1,202065.0,0,1.0,0.0,0.6931471805599453
riya,4840,1,218766.0,0,1.0,0.0,0.6931471805599453
riya,4841,1,197156.0,0,1.0,0.0,0.6931471805599453
riya,4842,1,165682.0,0,1.0,0.0,0.6931471805599453
riya,4843,1,190281.0,0,1.0,0.0,0.6931471805599453
riya,4844,1,27357.0,1,0.0,1.0,0.0
riya,4845,1,159901.0,0,1.0,0.0,0.6931471805599453
riya,4846,1,156172.0,1,0.0,1.0,0.0
riya,4847,1,16541.0,1,0.0,1.0,0.0
riya,4848,1,202822.0,0,1.0,0.0,0.6931471805599453
riya,4849,3,94101.66666666667,1,0.6666666666666666,0.3333333333333333,0.9241962407465937
riya,4850,2,67872.5,1,0.5,0.5,0.5493061443340549
riya,4851,3,73703.66666666667,2,0.3333333333333333,0.6666666666666666,0.46209812037329684
riya,4852,7,3173.714285714286,6,0.0,0.8571428571428571,0.0
riya,4853,1,9811.0,1,0.0,1.0,0.0
riya,4854,1,3390.0,1,0.0,1.0,0.0
riya,4855,1,1207.0,1,0.0,1.0,0.0
riya,4856,2,33773.5,1,0.5,0.5,0.5493061443340549
riya,4857,28,183987.4642857143,4,0.8571428571428571,0.14285714285714285,2.8862535685598347
riya,4858,3,127498.33333333333,2,0.3333333333333333,0.6666666666666666,0.46209812037329684
riya,4859,4,67084.75,2,0.5,0.5,0.8047189562170501
riya,4860,1,1230.0,1,0.0,1.0,0.0
riya,4861,3,3119.6666666666665,3,0.0,1.0,0.0
riya,4862,1,45020.0,1,0.0,1.0,0.0
riya,4863,1,101333.0,0,1.0,0.0,0.6931471805599453
riya,4864,1,5080.0,1,0.0,1.0,0.0
riya,4865,1,0.0,1,0.0,1.0,0.0
riya,4866,2,555.0,2,0.0,1.0,0.0
riya,4867,1,212370.0,1,0.0,1.0,0.0
riya,4868,1,40633.0,1,0.0,1.0,0.0
riya,4869,2,3715.0,2,0.0,1.0,0.0
riya,4870,7,185481.0,0,1.0,0.0,2.0794415416798357
riya,4871,7,145792.14285714287,1,0.7142857142857143,0.14285714285714285,1.4853153869141684
riya,4872,5,154560.0,3,0.4,0.6,0.716703787691222
riya,4873,4,1746.25,4,0.0,1.0,0.0
riya,4874,3,292777.0,0,1.0,0.0,1.3862943611198906
riya,4875,2,4202.0,1,0.0,0.5,0.0
riya,4876,2,48556.5,2,0.0,1.0,0.0
riya,4877,3,6248.333333333333,3,0.0,1.0,0.0
riya,4878,6,140415.83333333334,3,0.5,0.5,0.9729550745276566
riya,4879,2,696.5,2,0.0,1.0,0.0
riya,4880,2,19412.0,1,0.5,0.5,0.5493061443340549
riya,4881,1,196947.0,0,1.0,0.0,0.6931471805599453
riya,4882,3,116576.66666666667,1,0.6666666666666666,0.3333333333333333,0.9241962407465937
riya,4883,1,78553.0,0,1.0,0.0,0.6931471805599453
riya,4884,1,4682.0,1,0.0,1.0,0.0
riya,4885,1,226581.0,0,1.0,0.0,0.6931471805599453
riya,4886,1,145996.0,1,0.0,1.0,0.0
riya,4887,4,5712.75,3,0.0,0.75,0.0
riya,4888,3,58473.333333333336,2,0.3333333333333333,0.6666666666666666,0.46209812037329684
riya,4889,2,210373.0,0,1.0,0.0,1.0986122886681098
riya,4890,2,40749.0,1,0.5,0.5,0.5493061443340549
riya,4891,1,23599.0,1,0.0,1.0,0.0
riya,4892,7,108913.85714285714,4,0.42857142857142855,0.5714285714285714,0.891189232148501
riya,4893,4,123095.75,1,0.75,0.25,1.2070784343255752
riya,4894,1,165412.0,0,1.0,0.0,0.6931471805599453
riya,4895,2,87118.0,1,0.5,0.5,0.5493061443340549
riya,4896,3,170176.33333333334,2,0.3333333333333333,0.6666666666666666,0.46209812037329684
riya,4897,3,62464.333333333336,3,0.0,1.0,0.0
riya,4898,2,1393.0,2,0.0,1.0,0.0
riya,4899,2,3820.0,2,0.0,1.0,0.0
riya,4900,3,97399.66666666667,2,0.3333333333333333,0.6666666666666666,0.46209812037329684
riya,4901,2,21617.5,2,0.0,1.0,0.0
riya,4902,3,10952.0,2,0.0,0.6666666666666666,0.0
riya,4903,1,7306.0,1,0.0,1.0,0.0
riya,4904,1,1138.0,1,0.0,1.0,0.0
riya,4905,4,17246.0,3,0.0,0.75,0.0
riya,4906,2,278138.5,1,0.5,0.5,0.5493061443340549
riya,4907,20,33786.65,6,0.0,0.3,0.0
riya,4908,3,72084.0,2,0.3333333333333333,0.6666666666666666,0.46209812037329684
riya,4909,2,4332.0,2,0.0,1.0,0.0
riya,4910,1,3785.0,1,0.0,1.0,0.0
riya,4911,1,2229.0,1,0.0,1.0,0.0
riya,4912,1,7338.0,1,0.0,1.0,0.0
riya,4913,3,114507.33333333333,2,0.3333333333333333,0.6666666666666666,0.46209812037329684
riya,4914,2,193678.0,0,1.0,0.0,1.0986122886681098
riya,4915,3,43193.0,2,0.3333333333333333,0.6666666666666666,0.46209812037329684
riya,4916,4,176361.0,1,0.75,0.25,1.2070784343255752
riya,4917,1,231786.0,0,1.0,0.0,0.6931471805599453
riya,4918,4,50528.25,2,0.5,0.5,0.8047189562170501
riya,4919,3,117245.33333333333,1,0.6666666666666666,0.3333333333333333,0.9241962407465937
riya,4920,2,3932.5,2,0.0,1.0,0.0
riya,4921,3,74966.66666666667,2,0.3333333333333333,0.6666666666666666,0.46209812037329684
riya,4922,4,9797.0,4,0.0,1.0,0.0
riya,4923,3,133500.33333333334,0,1.0,0.0,1.3862943611198906
riya,4924,2,148553.5,1,0.5,0.5,0.5493061443340549
riya,4925,6,72892.33333333333,4,0.3333333333333333,0.6666666666666666,0.648636716351771
riya,4926,3,50811.666666666664,2,0.3333333333333333,0.6666666666666666,0.46209812037329684
riya,4927,2,117585.5,1,0.5,0.5,0.5493061443340549
riya,4928,1,11836.0,1,0.0,1.0,0.0
riya,4929,2,201523.0,0,1.0,0.0,1.0986122886681098
riya,4930,1,3536.0,1,0.0,1.0,0.0
riya,4931,1,253213.0,0,1.0,0.0,0.6931471805599453
riya,4932,1,249687.0,0,1.0,0.0,0.6931471805599453
riya,4933,3,140611.33333333334,1,0.6666666666666666,0.3333333333333333,0.9241962407465937
riya,4934,1,207472.0,1,0.0,1.0,0.0
riya,4935,3,188387.0,0,1.0,0.0,1.3862943611198906
riya,4936,1,8276.0,1,0.0,1.0,0.0
riya,4937,1,222670.0,0,1.0,0.0,0.6931471805599453
riya,4938,3,76641.33333333333,2,0.3333333333333333,0.6666666666666666,0.46209812037329684
riya,4939,2,121680.0,0,1.0,0.0,1.0986122886681098
riya,4940,2,114420.0,1,0.5,0.5,0.5493061443340549
riya,4941,4,167763.5,1,0.75,0.25,1.2070784343255752
riya,4942,2,119001.5,1,0.5,0.5,0.5493061443340549
riya,4943,1,28979.0,1,0.0,1.0,0.0
riya,4944,1,33901.0,1,0.0,1.0,0.0
riya,4945,1,10124.0,1,0.0,1.0,0.0
riya,4946,1,2972.0,1,0.0,1.0,0.0
riya,4947,1,227533.0,0,1.0,0.0,0.6931471805599453
riya,4948,1,214071.0,0,1.0,0.0,0.6931471805599453
riya,4949,1,123823.0,1,0.0,1.0,0.0
riya,4950,1,144289.0,1,0.0,1.0,0.0
riya,4951,2,208680.0,0,1.0,0.0,1.0986122886681098
riya,4952,1,271560.0,0,1.0,0.0,0.6931471805599453
riya,4953,1,209546.0,0,1.0,0.0,0.6931471805599453
riya,4954,1,127450.0,1,0.0,1.0,0.0
riya,4955,1,71541.0,1,0.0,1.0,0.0
riya,4956,1,204963.0,0,1.0,0.0,0.6931471805599453
riya,4957,3,87717.33333333333,2,0.3333333333333333,0.6666666666666666,0.46209812037329684
riya,4958,3,164614.66666666666,1,0.6666666666666666,0.3333333333333333,0.9241962407465937
riya,4959,1,108480.0,1,0.0,1.0,0.0
riya,4960,3,132897.33333333334,3,0.0,1.0,0.0
riya,4961,1,4505.0,1,0.0,1.0,0.0
riya,4962,1,1695.0,1,0.0,1.0,0.0
riya,4963,1,1138.0,1,0.0,1.0,0.0
riya,4964,2,120582.0,1,0.5,0.5,0.5493061443340549
riya,4965,1,50828.0,1,0.0,1.0,0.0
riya,4966,1,9514.0,1,0.0,1.0,0.0
riya,4967,1,3204.0,1,0.0,1.0,0.0
riya,4968,1,5735.0,1,0.0,1.0,0.0
riya,4969,7,11153.142857142857,2,0.0,0.2857142857142857,0.0
riya,4970,4,73468.75,2,0.25,0.5,0.40235947810852507
riya,4971,1,1370.0,1,0.0,1.0,0.0
riya,4972,3,136767.33333333334,1,0.6666666666666666,0.3333333333333333,0.9241962407465937
riya,4973,1,929.0,1,0.0,1.0,0.0
riya,4974,2,1114.5,2,0.0,1.0,0.0
riya,4975,2,46321.0,2,0.0,1.0,0.0
riya,4976,1,21293.0,1,0.0,1.0,0.0
riya,4977,2,145030.5,1,0.5,0.5,0.5493061443340549
riya,4978,1,198881.0,0,1.0,0.0,0.6931471805599453
riya,4979,2,159483.5,1,0.5,0.5,0.5493061443340549
riya,4980,1,4063.0,1,0.0,1.0,0.0
riya,4981,4,4701.25,4,0.0,1.0,0.0
riya,4982,2,28001.5,1,0.5,0.5,0.5493061443340549
riya,4983,2,1404.5,2,0.0,1.0,0.0
riya,4984,2,157025.0,0,1.0,0.0,1.0986122886681098
riya,4985,3,5257.333333333333,3,0.0,1.0,0.0
riya,4986,2,1625.5,2,0.0,1.0,0.0
riya,4987,2,1905.0,2,0.0,1.0,0.0
riya,4988,3,1823.0,3,0.0,1.0,0.0
riya,4989,2,123625.0,1,0.5,0.5,0.5493061443340549
riya,4990,4,21801.25,4,0.0,1.0,0.0
riya,4991,2,109585.5,1,0.5,0.5,0.5493061443340549
riya,4992,1,145578.0,1,0.0,1.0,0.0
riya,4993,6,11688.0,6,0.0,1.0,0.0
riya,4994,9,202917.88888888888,2,0.7777777777777778,0.2222222222222222,1.7908995167731467
riya,4995,6,30790.5,5,0.16666666666666666,0.8333333333333334,0.3243183581758855
riya,4996,5,9401.4,5,0.0,1.0,0.0
riya,4997,4,36764.75,4,0.0,1.0,0.0
riya,4998,1,0.0,1,0.0,1.0,0.0
riya,4999,1,610.0,1,0.0,1.0,0.0
riya,5000,1,390.0,1,0.0,1.0,0.0
riya,5001,7,171980.0,1,0.8571428571428571,0.14285714285714285,1.782378464297002
riya,5002,2,205454.0,0,1.0,0.0,1.0986122886681098
riya,5003,1,4920.0,1,0.0,1.0,0.0
riya,5004,3,115922.0,1,0.3333333333333333,0.3333333333333333,0.46209812037329684
riya,5005,1,260514.0,0,1.0,0.0,0.6931471805599453
riya,5006,3,139169.66666666666,1,0.6666666666666666,0.3333333333333333,0.9241962407465937
riya,5007,1,211429.0,0,1.0,0.0,0.6931471805599453
riya,5008,1,282917.0,0,1.0,0.0,0.6931471805599453
riya,5009,3,169031.33333333334,2,0.3333333333333333,0.6666666666666666,0.46209812037329684
riya,5010,2,111986.5,1,0.5,0.5,0.5493061443340549
riya,5011,1,178352.0,0,1.0,0.0,0.6931471805599453
riya,5012,1,123735.0,0,1.0,0.0,0.6931471805599453
riya,5013,2,104876.0,1,0.5,0.5,0.5493061443340549
riya,5014,2,153413.0,1,0.5,0.5,0.5493061443340549
riya,5015,3,104468.33333333333,2,0.3333333333333333,0.6666666666666666,0.46209812037329684
riya,5016,2,159711.5,1,0.5,0.5,0.5493061443340549
riya,5017,2,164083.5,0,1.0,0.0,1.0986122886681098
riya,5018,1,190955.0,0,1.0,0.0,0.6931471805599453
riya,5019,1,228000.0,0,1.0,0.0,0.6931471805599453
riya,5020,1,237082.0,0,1.0,0.0,0.6931471805599453
riya,5021,1,142478.0,0,1.0,0.0,0.6931471805599453
riya,5022,1,131205.0,0,1.0,0.0,0.6931471805599453
riya,5023,1,144062.0,0,1.0,0.0,0.6931471805599453
riya,5024,1,141335.0,0,1.0,0.0,0.6931471805599453
riya,5025,1,138000.0,0,1.0,0.0,0.6931471805599453
riya,5026,1,154662.0,0,1.0,0.0,0.6931471805599453
riya,5027,1,166800.0,0,1.0,0.0,0.6931471805599453
riya,5028,1,136500.0,0,1.0,0.0,0.6931471805599453
riya,5029,1,164190.0,0,1.0,0.0,0.6931471805599453
riya,5030,1,144400.0,0,1.0,0.0,0.6931471805599453
riya,5031,1,151006.0,1,0.0,1.0,0.0
riya,5032,6,117619.5,3,0.5,0.5,0.9729550745276566
riya,5033,8,139029.75,2,0.75,0.25,1.6479184330021646
riya,5034,7,164992.7142857143,1,0.8571428571428571,0.14285714285714285,1.782378464297002
riya,5035,1,14290.0,1,0.0,1.0,0.0
riya,5036,1,145321.0,0,1.0,0.0,0.6931471805599453
riya,5037,4,114985.75,3,0.25,0.75,0.40235947810852507
riya,5038,19,148234.68421052632,4,0.7894736842105263,0.21052631578947367,2.3650517949110452
riya,5039,2,64240.0,1,0.5,0.5,0.5493061443340549
riya,5040,2,109932.5,1,0.5,0.5,0.5493061443340549
riya,5041,3,77555.33333333333,0,0.6666666666666666,0.0,0.9241962407465937
riya,5042,1,213400.0,0,1.0,0.0,0.6931471805599453
riya,5043,2,77421.5,1,0.5,0.5,0.5493061443340549
riya,5044,1,79020.0,1,0.0,1.0,0.0
riya,5045,1,5141.0,1,0.0,1.0,0.0
riya,5046,3,16390.666666666668,3,0.0,1.0,0.0
riya,5047,4,88213.0,2,0.5,0.5,0.8047189562170501
riya,5048,3,29095.666666666668,2,0.3333333333333333,0.6666666666666666,0.46209812037329684
riya,5049,3,16380.333333333334,3,0.0,1.0,0.0
riya,5050,3,127971.33333333333,1,0.6666666666666666,0.3333333333333333,0.9241962407465937
riya,5051,2,70976.0,1,0.5,0.5,0.5493061443340549
riya,5052,1,266.0,0,0.0,0.0,0.0
riya,5053,2,67947.5,1,0.5,0.5,0.5493061443340549
riya,5054,8,128893.25,3,0.625,0.375,1.3732653608351373
riya,5055,1,171938.0,0,1.0,0.0,0.6931471805599453
riya,5056,1,93878.0,1,0.0,1.0,0.0
riya,5057,3,115695.0,1,0.6666666666666666,0.3333333333333333,0.9241962407465937
riya,5058,3,63579.333333333336,2,0.3333333333333333,0.6666666666666666,0.46209812037329684
riya,5059,1,23127.0,1,0.0,1.0,0.0
riya,5060,1,13073.0,1,0.0,1.0,0.0
riya,5061,1,121208.0,0,1.0,0.0,0.6931471805599453
riya,5062,1,121944.0,0,1.0,0.0,0.6931471805599453
riya,5063,1,121013.0,0,1.0,0.0,0.6931471805599453
riya,5064,1,123998.0,0,1.0,0.0,0.6931471805599453
riya,5065,1,122086.0,0,1.0,0.0,0.6931471805599453
riya,5066,1,120992.0,0,1.0,0.0,0.6931471805599453
riya,5067,1,121038.0,0,1.0,0.0,0.6931471805599453
riya,5068,1,123038.0,0,1.0,0.0,0.6931471805599453
riya,5069,1,125053.0,0,1.0,0.0,0.6931471805599453
riya,5070,1,121002.0,0,1.0,0.0,0.6931471805599453
riya,5071,1,120982.0,0,1.0,0.0,0.6931471805599453
riya,5072,1,123049.0,0,1.0,0.0,0.6931471805599453
riya,5073,1,122063.0,0,1.0,0.0,0.6931471805599453
riya,5074,1,121019.0,0,1.0,0.0,0.6931471805599453
riya,5075,1,122036.0,0,1.0,0.0,0.6931471805599453
riya,5076,1,121043.0,0,1.0,0.0,0.6931471805599453
riya,5077,1,122069.0,0,1.0,0.0,0.6931471805599453
riya,5078,1,122994.0,0,1.0,0.0,0.6931471805599453
riya,5079,1,135941.0,0,1.0,0.0,0.6931471805599453
riya,5080,1,120073.0,0,1.0,0.0,0.6931471805599453
riya,5081,1,121058.0,0,1.0,0.0,0.6931471805599453
riya,5082,1,123039.0,0,1.0,0.0,0.6931471805599453
riya,5083,1,120995.0,0,1.0,0.0,0.6931471805599453
riya,5084,1,122026.0,0,1.0,0.0,0.6931471805599453
riya,5085,1,121041.0,0,1.0,0.0,0.6931471805599453
riya,5086,1,122967.0,0,1.0,0.0,0.6931471805599453
riya,5087,1,121119.0,0,1.0,0.0,0.6931471805599453
riya,5088,1,122041.0,0,1.0,0.0,0.6931471805599453
riya,5089,1,121989.0,0,1.0,0.0,0.6931471805599453
riya,5090,1,121003.0,0,1.0,0.0,0.6931471805599453
riya,5091,1,122057.0,0,1.0,0.0,0.6931471805599453
riya,5092,1,121022.0,0,1.0,0.0,0.6931471805599453
riya,5093,1,123002.0,0,1.0,0.0,0.6931471805599453
riya,5094,1,122024.0,0,1.0,0.0,0.6931471805599453
riya,5095,1,120975.0,0,1.0,0.0,0.6931471805599453
riya,5096,1,124175.0,0,1.0,0.0,0.6931471805599453
riya,5097,1,119940.0,0,1.0,0.0,0.6931471805599453
riya,5098,1,122002.0,0,1.0,0.0,0.6931471805599453
riya,5099,1,121012.0,0,1.0,0.0,0.6931471805599453
riya,5100,1,121025.0,0,1.0,0.0,0.6931471805599453
riya,5101,1,121026.0,0,1.0,0.0,0.6931471805599453
riya,5102,1,122094.0,0,1.0,0.0,0.6931471805599453
riya,5103,1,120997.0,0,1.0,0.0,0.6931471805599453
riya,5104,1,121987.0,0,1.0,0.0,0.6931471805599453
riya,5105,1,122053.0,0,1.0,0.0,0.6931471805599453
riya,5106,1,122084.0,0,1.0,0.0,0.6931471805599453
riya,5107,1,139857.0,0,1.0,0.0,0.6931471805599453
riya,5108,1,121127.0,0,1.0,0.0,0.6931471805599453
riya,5109,1,123037.0,0,1.0,0.0,0.6931471805599453
riya,5110,1,120981.0,0,1.0,0.0,0.6931471805599453
riya,5111,1,122019.0,0,1.0,0.0,0.6931471805599453
riya,5112,1,123073.0,0,1.0,0.0,0.6931471805599453
riya,5113,1,123049.0,0,1.0,0.0,0.6931471805599453
riya,5114,1,123048.0,0,1.0,0.0,0.6931471805599453
riya,5115,1,121985.0,0,1.0,0.0,0.6931471805599453
riya,5116,1,123075.0,0,1.0,0.0,0.6931471805599453
riya,5117,1,121016.0,0,1.0,0.0,0.6931471805599453
riya,5118,1,124035.0,0,1.0,0.0,0.6931471805599453
riya,5119,1,130155.0,0,1.0,0.0,0.6931471805599453
riya,5120,1,120058.0,0,1.0,0.0,0.6931471805599453
riya,5121,1,121046.0,0,1.0,0.0,0.6931471805599453
riya,5122,1,122054.0,0,1.0,0.0,0.6931471805599453
riya,5123,1,125000.0,0,1.0,0.0,0.6931471805599453
riya,5124,1,121011.0,0,1.0,0.0,0.6931471805599453
riya,5125,1,121049.0,0,1.0,0.0,0.6931471805599453
riya,5126,1,121002.0,0,1.0,0.0,0.6931471805599453
riya,5127,1,122520.0,0,1.0,0.0,0.6931471805599453
riya,5128,1,121582.0,0,1.0,0.0,0.6931471805599453
riya,5129,1,121966.0,0,1.0,0.0,0.6931471805599453
riya,5130,1,121030.0,0,1.0,0.0,0.6931471805599453
riya,5131,1,122085.0,0,1.0,0.0,0.6931471805599453
riya,5132,1,122006.0,0,1.0,0.0,0.6931471805599453
riya,5133,1,121062.0,0,1.0,0.0,0.6931471805599453
riya,5134,1,122064.0,0,1.0,0.0,0.6931471805599453
riya,5135,1,121927.0,0,1.0,0.0,0.6931471805599453
riya,5136,1,121079.0,0,1.0,0.0,0.6931471805599453
riya,5137,1,122024.0,0,1.0,0.0,0.6931471805599453
riya,5138,1,122012.0,0,1.0,0.0,0.6931471805599453
riya,5139,1,121029.0,0,1.0,0.0,0.6931471805599453
riya,5140,1,124066.0,0,1.0,0.0,0.6931471805599453
riya,5141,1,121043.0,0,1.0,0.0,0.6931471805599453
riya,5142,1,123043.0,0,1.0,0.0,0.6931471805599453
riya,5143,1,120981.0,0,1.0,0.0,0.6931471805599453
riya,5144,1,122040.0,0,1.0,0.0,0.6931471805599453
riya,5145,1,122065.0,0,1.0,0.0,0.6931471805599453
riya,5146,1,122011.0,0,1.0,0.0,0.6931471805599453
riya,5147,1,124056.0,0,1.0,0.0,0.6931471805599453
riya,5148,1,123018.0,0,1.0,0.0,0.6931471805599453
riya,5149,1,121991.0,0,1.0,0.0,0.6931471805599453
riya,5150,1,122084.0,0,1.0,0.0,0.6931471805599453
riya,5151,1,144939.0,0,1.0,0.0,0.6931471805599453
riya,5152,1,120124.0,0,1.0,0.0,0.6931471805599453
riya,5153,1,122004.0,0,1.0,0.0,0.6931471805599453
riya,5154,1,123107.0,0,1.0,0.0,0.6931471805599453
riya,5155,1,121006.0,0,1.0,0.0,0.6931471805599453
riya,5156,1,123051.0,0,1.0,0.0,0.6931471805599453
riya,5157,1,122004.0,0,1.0,0.0,0.6931471805599453
riya,5158,1,122023.0,0,1.0,0.0,0.6931471805599453
riya,5159,1,121059.0,0,1.0,0.0,0.6931471805599453
riya,5160,1,124946.0,0,1.0,0.0,0.6931471805599453
riya,5161,1,121015.0,0,1.0,0.0,0.6931471805599453
riya,5162,1,121056.0,0,1.0,0.0,0.6931471805599453
riya,5163,1,122040.0,0,1.0,0.0,0.6931471805599453
riya,5164,1,124080.0,0,1.0,0.0,0.6931471805599453
riya,5165,1,120998.0,0,1.0,0.0,0.6931471805599453
riya,5166,1,122045.0,0,1.0,0.0,0.6931471805599453
riya,5167,1,124966.0,0,1.0,0.0,0.6931471805599453
riya,5168,1,123048.0,0,1.0,0.0,0.6931471805599453
riya,5169,1,121086.0,0,1.0,0.0,0.6931471805599453
riya,5170,1,122017.0,0,1.0,0.0,0.6931471805599453
riya,5171,1,121084.0,0,1.0,0.0,0.6931471805599453
riya,5172,1,134043.0,0,1.0,0.0,0.6931471805599453
riya,5173,1,120111.0,0,1.0,0.0,0.6931471805599453
riya,5174,1,121104.0,0,1.0,0.0,0.6931471805599453
riya,5175,1,121982.0,0,1.0,0.0,0.6931471805599453
riya,5176,1,121033.0,0,1.0,0.0,0.6931471805599453
riya,5177,1,122987.0,0,1.0,0.0,0.6931471805599453
riya,5178,1,121066.0,0,1.0,0.0,0.6931471805599453
riya,5179,1,121985.0,0,1.0,0.0,0.6931471805599453
riya,5180,1,124106.0,0,1.0,0.0,0.6931471805599453
riya,5181,1,121042.0,0,1.0,0.0,0.6931471805599453
riya,5182,1,121995.0,0,1.0,0.0,0.6931471805599453
riya,5183,1,121049.0,0,1.0,0.0,0.6931471805599453
riya,5184,1,122063.0,0,1.0,0.0,0.6931471805599453
riya,5185,1,121977.0,0,1.0,0.0,0.6931471805599453
riya,5186,1,123054.0,0,1.0,0.0,0.6931471805599453
riya,5187,1,121062.0,0,1.0,0.0,0.6931471805599453
riya,5188,1,121994.0,0,1.0,0.0,0.6931471805599453
riya,5189,1,121061.0,0,1.0,0.0,0.6931471805599453
riya,5190,1,122029.0,0,1.0,0.0,0.6931471805599453
riya,5191,1,125988.0,0,1.0,0.0,0.6931471805599453
riya,5192,1,81074.0,0,1.0,0.0,0.6931471805599453
riya,5193,2,4051.5,2,0.0,1.0,0.0
riya,5194,3,100622.0,1,0.6666666666666666,0.3333333333333333,0.9241962407465937
riya,5195,1,35016.0,1,0.0,1.0,0.0
riya,5196,7,230474.2857142857,1,0.8571428571428571,0.14285714285714285,1.782378464297002
riya,5197,3,1320.0,3,0.0,1.0,0.0
riya,5198,4,81652.0,2,0.5,0.5,0.8047189562170501
riya,5199,2,204596.5,0,1.0,0.0,1.0986122886681098
riya,5200,1,174118.0,0,1.0,0.0,0.6931471805599453
riya,5201,2,135988.5,1,0.5,0.5,0.5493061443340549
riya,5202,1,174179.0,0,1.0,0.0,0.6931471805599453
riya,5203,2,98318.0,1,0.5,0.5,0.5493061443340549
riya,5204,4,102663.0,2,0.5,0.5,0.8047189562170501
riya,5205,1,207493.0,0,1.0,0.0,0.6931471805599453
riya,5206,3,114740.33333333333,2,0.3333333333333333,0.6666666666666666,0.46209812037329684
riya,5207,1,998.0,1,0.0,1.0,0.0
riya,5208,3,199080.0,0,1.0,0.0,1.3862943611198906
riya,5209,1,154731.0,0,1.0,0.0,0.6931471805599453
riya,5210,2,47357.0,1,0.5,0.5,0.5493061443340549
riya,5211,8,164577.0,2,0.75,0.25,1.6479184330021646
riya,5212,30,213109.4,7,0.7333333333333333,0.23333333333333334,2.518257283289107
riya,5213,3,119123.0,2,0.3333333333333333,0.6666666666666666,0.46209812037329684
riya,5214,1,73600.0,1,0.0,1.0,0.0
riya,5215,2,81291.5,1,0.5,0.5,0.5493061443340549
riya,5216,1,212571.0,0,1.0,0.0,0.6931471805599453
riya,5217,1,171748.0,0,1.0,0.0,0.6931471805599453
riya,5218,1,239304.0,0,1.0,0.0,0.6931471805599453
riya,5219,2,97914.0,1,0.5,0.5,0.5493061443340549
riya,5220,1,149527.0,0,1.0,0.0,0.6931471805599453
riya,5221,1,209801.0,0,1.0,0.0,0.6931471805599453
riya,5222,1,130500.0,0,1.0,0.0,0.6931471805599453
riya,5223,1,26286.0,0,0.0,0.0,0.0
riya,5224,1,7314.0,1,0.0,1.0,0.0
riya,5225,1,1288.0,1,0.0,1.0,0.0
riya,5226,1,1610.0,1,0.0,1.0,0.0
riya,5227,1,1219.0,1,0.0,1.0,0.0
riya,5228,1,5616.0,1,0.0,1.0,0.0
riya,5229,1,2240.0,1,0.0,1.0,0.0
riya,5230,1,5653.0,1,0.0,1.0,0.0
riya,5231,1,13077.0,1,0.0,1.0,0.0
riya,5232,1,4288.0,0,0.0,0.0,0.0
riya,5233,5,69860.0,4,0.2,0.8,0.358351893845611
riya,5234,2,55659.5,1,0.5,0.5,0.5493061443340549
riya,5235,2,80592.0,1,0.5,0.5,0.5493061443340549
riya,5236,2,93842.0,1,0.5,0.5,0.5493061443340549
riya,5237,2,163287.5,1,0.5,0.5,0.5493061443340549
riya,5238,3,168064.33333333334,1,0.6666666666666666,0.3333333333333333,0.9241962407465937
riya,5239,6,217924.16666666666,1,0.8333333333333334,0.16666666666666666,1.6215917908794277
riya,5240,1,246755.0,0,1.0,0.0,0.6931471805599453
riya,5241,1,143996.0,1,0.0,1.0,0.0
riya,5242,1,44201.0,1,0.0,1.0,0.0
riya,5243,1,286572.0,0,1.0,0.0,0.6931471805599453
riya,5244,1,195910.0,0,1.0,0.0,0.6931471805599453
riya,5245,4,118464.5,2,0.5,0.5,0.8047189562170501
riya,5246,1,140760.0,0,1.0,0.0,0.6931471805599453
riya,5247,2,104000.5,2,0.0,1.0,0.0
riya,5248,1,264125.0,0,1.0,0.0,0.6931471805599453
riya,5249,1,130774.0,1,0.0,1.0,0.0
riya,5250,1,743.0,1,0.0,1.0,0.0
riya,5251,1,204564.0,0,1.0,0.0,0.6931471805599453
riya,5252,3,3325.0,3,0.0,1.0,0.0
riya,5253,2,97509.5,1,0.5,0.5,0.5493061443340549
riya,5254,1,285375.0,0,1.0,0.0,0.6931471805599453
riya,5255,1,975.0,1,0.0,1.0,0.0
riya,5256,3,89953.0,1,0.6666666666666666,0.3333333333333333,0.9241962407465937
riya,5257,3,87495.33333333333,2,0.3333333333333333,0.6666666666666666,0.46209812037329684
riya,5258,1,182306.0,0,1.0,0.0,0.6931471805599453
riya,5259,3,12018.333333333334,3,0.0,1.0,0.0
riya,5260,4,105732.5,2,0.5,0.5,0.8047189562170501
riya,5261,3,10186.666666666666,2,0.0,0.6666666666666666,0.0
riya,5262,1,63563.0,1,0.0,1.0,0.0
riya,5263,1,1324.0,1,0.0,1.0,0.0
riya,5264,3,155620.0,2,0.3333333333333333,0.6666666666666666,0.46209812037329684
riya,5265,3,274706.0,0,1.0,0.0,1.3862943611198906
riya,5266,3,260958.66666666666,0,1.0,0.0,1.3862943611198906
riya,5267,2,104113.0,1,0.5,0.5,0.5493061443340549
riya,5268,2,177109.5,2,0.0,1.0,0.0
riya,5269,1,97361.0,1,0.0,1.0,0.0
riya,5270,1,163228.0,0,1.0,0.0,0.6931471805599453
riya,5271,1,4145.0,1,0.0,1.0,0.0
riya,5272,2,3018.5,2,0.0,1.0,0.0
riya,5273,1,36014.0,1,0.0,1.0,0.0
riya,5274,1,16671.0,1,0.0,1.0,0.0
riya,5275,1,55333.0,1,0.0,1.0,0.0
riya,5276,1,190473.0,1,0.0,1.0,0.0
riya,5277,3,1416.0,3,0.0,1.0,0.0
riya,5278,3,9627.666666666666,3,0.0,1.0,0.0
riya,5279,2,25122.5,2,0.0,1.0,0.0
riya,5280,2,1909.0,2,0.0,1.0,0.0
riya,5281,1,20734.0,1,0.0,1.0,0.0
riya,5282,3,1352.0,3,0.0,1.0,0.0
riya,5283,2,862.5,2,0.0,1.0,0.0
riya,5284,3,2326.3333333333335,3,0.0,1.0,0.0
riya,5285,4,154683.25,1,0.75,0.25,1.2070784343255752
riya,5286,2,4735.0,2,0.0,1.0,0.0
riya,5287,2,745.0,2,0.0,1.0,0.0
riya,5288,2,11435.0,2,0.0,1.0,0.0
riya,5289,3,50844.0,3,0.0,1.0,0.0
riya,5290,6,70555.16666666667,4,0.3333333333333333,0.6666666666666666,0.648636716351771
riya,5291,2,5140.5,2,0.0,1.0,0.0
riya,5292,3,28029.666666666668,3,0.0,1.0,0.0
riya,5293,2,11022.5,2,0.0,1.0,0.0
riya,5294,1,14491.0,1,0.0,1.0,0.0
riya,5295,2,813.0,2,0.0,1.0,0.0
riya,5296,1,27585.0,1,0.0,1.0,0.0
riya,5297,1,975.0,1,0.0,1.0,0.0
riya,5298,1,1811.0,1,0.0,1.0,0.0
riya,5299,3,122088.0,1,0.6666666666666666,0.3333333333333333,0.9241962407465937
riya,5300,4,41383.25,3,0.25,0.75,0.40235947810852507
riya,5301,1,112769.0,0,1.0,0.0,0.6931471805599453
riya,5302,2,148558.5,1,0.5,0.5,0.5493061443340549
riya,5303,1,10588.0,1,0.0,1.0,0.0
riya,5304,1,1254.0,1,0.0,1.0,0.0
riya,5305,1,288933.0,0,1.0,0.0,0.6931471805599453
riya,5306,2,5201.0,2,0.0,1.0,0.0
riya,5307,1,18716.0,1,0.0,1.0,0.0
riya,5308,2,9648.0,2,0.0,1.0,0.0
riya,5309,1,138268.0,0,1.0,0.0,0.6931471805599453
riya,5310,3,1246.0,3,0.0,1.0,0.0
riya,5311,2,905.5,2,0.0,1.0,0.0
riya,5312,4,104114.25,1,0.75,0.25,1.2070784343255752
riya,5313,1,109366.0,1,0.0,1.0,0.0
riya,5314,1,259938.0,0,1.0,0.0,0.6931471805599453
riya,5315,2,1056.5,2,0.0,1.0,0.0
riya,5316,1,130844.0,1,0.0,1.0,0.0
riya,5317,1,5770.0,1,0.0,1.0,0.0
riya,5318,1,35132.0,1,0.0,1.0,0.0
riya,5319,1,10692.0,0,0.0,0.0,0.0
riya,5320,13,194931.07692307694,0,0.9230769230769231,0.0,2.436052919644854
riya,5321,1,789.0,1,0.0,1.0,0.0
riya,5322,1,97849.0,1,0.0,1.0,0.0
riya,5323,1,48274.0,1,0.0,1.0,0.0
riya,5324,1,3390.0,1,0.0,1.0,0.0
riya,5325,15,298573.93333333335,5,0.6666666666666666,0.3333333333333333,1.8483924814931874
riya,5326,8,1114.0,7,0.0,0.875,0.0
riya,5327,2,172824.0,2,0.0,1.0,0.0
riya,5328,2,224680.0,0,1.0,0.0,1.0986122886681098
riya,5329,2,215111.0,0,1.0,0.0,1.0986122886681098
riya,5330,3,191343.66666666666,1,0.6666666666666666,0.3333333333333333,0.9241962407465937
riya,5331,2,290146.0,0,1.0,0.0,1.0986122886681098
riya,5332,1,225573.0,0,1.0,0.0,0.6931471805599453
riya,5333,3,205397.66666666666,1,0.6666666666666666,0.3333333333333333,0.9241962407465937
riya,5334,2,214277.5,0,1.0,0.0,1.0986122886681098
riya,5335,2,246972.0,0,1.0,0.0,1.0986122886681098
riya,5336,2,117367.0,0,1.0,0.0,1.0986122886681098
riya,5337,1,248808.0,0,1.0,0.0,0.6931471805599453
riya,5338,2,25950.0,2,0.0,1.0,0.0
riya,5339,1,95990.0,1,0.0,1.0,0.0
riya,5340,2,105712.0,1,0.5,0.5,0.5493061443340549
riya,5341,2,163841.5,1,0.5,0.5,0.5493061443340549
riya,5342,3,242539.33333333334,2,0.3333333333333333,0.6666666666666666,0.46209812037329684
riya,5343,1,177922.0,0,1.0,0.0,0.6931471805599453
riya,5344,1,162876.0,0,1.0,0.0,0.6931471805599453
riya,5345,2,208500.0,0,1.0,0.0,1.0986122886681098
riya,5346,1,311240.0,0,1.0,0.0,0.6931471805599453
riya,5347,3,75360.0,2,0.3333333333333333,0.6666666666666666,0.46209812037329684
riya,5348,1,2299.0,1,0.0,1.0,0.0
riya,5349,1,0.0,1,0.0,1.0,0.0
riya,5350,1,343355.0,0,1.0,0.0,0.6931471805599453
riya,5351,2,55436.0,2,0.0,1.0,0.0
riya,5352,1,9843.0,1,0.0,1.0,0.0
riya,5353,4,273339.0,0,1.0,0.0,1.6094379124341003
riya,5354,2,90768.0,1,0.5,0.5,0.5493061443340549
riya,5355,1,232844.0,0,1.0,0.0,0.6931471805599453
riya,5356,1,125674.0,0,1.0,0.0,0.6931471805599453
riya,5357,1,189467.0,0,1.0,0.0,0.6931471805599453
riya,5358,2,15266.0,2,0.0,1.0,0.0
riya,5359,1,14640.0,1,0.0,1.0,0.0
riya,5360,2,266227.0,0,1.0,0.0,1.0986122886681098
riya,5361,1,231723.0,0,1.0,0.0,0.6931471805599453
riya,5362,1,143160.0,0,1.0,0.0,0.6931471805599453
riya,5363,1,7733.0,1,0.0,1.0,0.0
riya,5364,4,3726.75,4,0.0,1.0,0.0
riya,5365,2,10044.5,1,0.0,0.5,0.0
riya,5366,1,13135.0,1,0.0,1.0,0.0
riya,5367,1,6229.0,1,0.0,1.0,0.0
riya,5368,2,1568.0,0,0.0,0.0,0.0
riya,5369,18,262307.5,6,0.6666666666666666,0.3333333333333333,1.9629593194442934
riya,5370,2,25154.5,2,0.0,1.0,0.0
riya,5371,2,101758.5,1,0.5,0.5,0.5493061443340549
riya,5372,1,333584.0,0,1.0,0.0,0.6931471805599453
riya,5373,2,241668.0,0,1.0,0.0,1.0986122886681098
riya,5374,12,247743.66666666666,2,0.8333333333333334,0.16666666666666666,2.137457797884614
riya,5375,1,126359.0,0,1.0,0.0,0.6931471805599453
riya,5376,1,249191.0,0,1.0,0.0,0.6931471805599453
riya,5377,1,256907.0,0,1.0,0.0,0.6931471805599453
riya,5378,4,240902.75,1,0.75,0.25,1.2070784343255752
riya,5379,2,45358.5,2,0.0,1.0,0.0
riya,5380,3,5288.666666666667,3,0.0,1.0,0.0
riya,5381,9,144968.55555555556,3,0.6666666666666666,0.3333333333333333,1.5350567286626973
riya,5382,4,198805.25,0,1.0,0.0,1.6094379124341003
riya,5383,2,212145.0,1,0.5,0.5,0.5493061443340549
riya,5384,2,130761.5,1,0.5,0.5,0.5493061443340549
riya,5385,2,145121.5,1,0.5,0.5,0.5493061443340549
riya,5386,2,1104.5,2,0.0,1.0,0.0
riya,5387,3,2121.3333333333335,3,0.0,1.0,0.0
riya,5388,1,460127.0,1,0.0,1.0,0.0
riya,5389,1,181464.0,1,0.0,1.0,0.0
riya,5390,10,169803.1,2,0.8,0.2,1.9183162182386966
riya,5391,3,90478.33333333333,2,0.3333333333333333,0.6666666666666666,0.46209812037329684
riya,5392,2,1497.5,2,0.0,1.0,0.0
riya,5393,4,112231.0,2,0.5,0.5,0.8047189562170501
riya,5394,2,138983.5,1,0.5,0.5,0.5493061443340549
riya,5395,3,10309.333333333334,3,0.0,1.0,0.0
riya,5396,2,86046.5,1,0.5,0.5,0.5493061443340549
riya,5397,2,15421.5,2,0.0,1.0,0.0
riya,5398,1,168891.0,1,0.0,1.0,0.0
riya,5399,1,1300.0,1,0.0,1.0,0.0
riya,5400,1,162309.0,0,1.0,0.0,0.6931471805599453
riya,5401,2,35480.0,2,0.0,1.0,0.0
riya,5402,2,9538.5,2,0.0,1.0,0.0
riya,5403,1,280974.0,0,1.0,0.0,0.6931471805599453
riya,5404,1,77616.0,1,0.0,1.0,0.0
riya,5405,1,114985.0,1,0.0,1.0,0.0
riya,5406,1,3135.0,1,0.0,1.0,0.0
riya,5407,3,134129.0,1,0.6666666666666666,0.3333333333333333,0.9241962407465937
riya,5408,1,311186.0,0,1.0,0.0,0.6931471805599453
riya,5409,10,163666.0,3,0.7,0.3,1.6785266909588594
riya,5410,4,49283.5,3,0.25,0.75,0.40235947810852507
riya,5411,1,3404.0,1,0.0,1.0,0.0
riya,5412,1,3841.0,0,0.0,0.0,0.0
riya,5413,1,100519.0,1,0.0,1.0,0.0
riya,5414,2,76495.0,2,0.0,1.0,0.0
riya,5415,2,1173.0,2,0.0,1.0,0.0
riya,5416,1,74725.0,0,1.0,0.0,0.6931471805599453
riya,5417,2,278986.5,0,1.0,0.0,1.0986122886681098
riya,5418,7,187616.7142857143,1,0.7142857142857143,0.14285714285714285,1.4853153869141684
riya,5419,2,3938.5,2,0.0,1.0,0.0
riya,5420,1,46904.0,1,0.0,1.0,0.0
riya,5421,1,351786.0,0,1.0,0.0,0.6931471805599453
riya,5422,1,222093.0,0,1.0,0.0,0.6931471805599453
riya,5423,1,232666.0,0,1.0,0.0,0.6931471805599453
riya,5424,1,213227.0,0,1.0,0.0,0.6931471805599453
riya,5425,1,373267.0,0,1.0,0.0,0.6931471805599453
riya,5426,1,243560.0,0,1.0,0.0,0.6931471805599453
riya,5427,1,290119.0,1,0.0,1.0,0.0
riya,5428,1,121687.0,1,0.0,1.0,0.0
riya,5429,1,1463.0,1,0.0,1.0,0.0
riya,5430,3,130369.0,1,0.6666666666666666,0.3333333333333333,0.9241962407465937
riya,5431,4,63180.75,2,0.25,0.5,0.40235947810852507
riya,5432,2,258716.0,0,1.0,0.0,1.0986122886681098
riya,5433,2,684.5,2,0.0,1.0,0.0
riya,5434,1,743.0,1,0.0,1.0,0.0
riya,5435,1,697.0,1,0.0,1.0,0.0
riya,5436,1,4978.0,1,0.0,1.0,0.0
riya,5437,1,0.0,1,0.0,1.0,0.0
riya,5438,1,0.0,1,0.0,1.0,0.0
riya,5439,2,58.0,2,0.0,1.0,0.0
riya,5440,1,1788.0,1,0.0,1.0,0.0
riya,5441,5,67860.2,3,0.4,0.6,0.716703787691222
riya,5442,2,130008.0,1,0.5,0.5,0.5493061443340549
riya,5443,1,222021.0,0,1.0,0.0,0.6931471805599453
riya,5444,3,38418.0,3,0.0,1.0,0.0
riya,5445,6,67499.0,3,0.3333333333333333,0.5,0.648636716351771
riya,5446,1,403663.0,0,1.0,0.0,0.6931471805599453
riya,5447,1,352320.0,0,1.0,0.0,0.6931471805599453
riya,5448,1,22535.0,1,0.0,1.0,0.0
riya,5449,1,743.0,1,0.0,1.0,0.0
riya,5450,1,2496.0,1,0.0,1.0,0.0
riya,5451,2,14414.5,2,0.0,1.0,0.0
riya,5452,1,396158.0,0,1.0,0.0,0.6931471805599453
riya,5453,1,164426.0,0,1.0,0.0,0.6931471805599453
riya,5454,2,17253.0,1,0.0,0.5,0.0
riya,5455,2,627.0,2,0.0,1.0,0.0
riya,5456,3,16587.666666666668,3,0.0,1.0,0.0
riya,5457,1,929.0,1,0.0,1.0,0.0
riya,5458,2,28045.5,2,0.0,1.0,0.0
riya,5459,1,1533.0,1,0.0,1.0,0.0
riya,5460,1,0.0,1,0.0,1.0,0.0
riya,5461,1,254815.0,0,1.0,0.0,0.6931471805599453
riya,5462,2,22685.0,2,0.0,1.0,0.0
riya,5463,1,10562.0,1,0.0,1.0,0.0
riya,5464,2,1962.0,2,0.0,1.0,0.0
riya,5465,1,198057.0,0,1.0,0.0,0.6931471805599453
riya,5466,2,131508.0,1,0.5,0.5,0.5493061443340549
riya,5467,1,4471.0,1,0.0,1.0,0.0
riya,5468,1,3090.0,1,0.0,1.0,0.0
riya,5469,1,0.0,1,0.0,1.0,0.0
riya,5470,1,1440.0,1,0.0,1.0,0.0
riya,5471,1,226204.0,0,1.0,0.0,0.6931471805599453
riya,5472,1,255067.0,0,1.0,0.0,0.6931471805599453
riya,5473,1,4458.0,1,0.0,1.0,0.0
riya,5474,1,62346.0,1,0.0,1.0,0.0
riya,5475,2,14004.5,2,0.0,1.0,0.0
riya,5476,1,0.0,1,0.0,1.0,0.0
riya,5477,2,6826.0,2,0.0,1.0,0.0
riya,5478,2,97120.0,1,0.5,0.5,0.5493061443340549
riya,5479,3,2505.3333333333335,3,0.0,1.0,0.0
riya,5480,3,248297.66666666666,0,1.0,0.0,1.3862943611198906
riya,5481,57,231157.22807017545,7,0.8596491228070176,0.12280701754385964,3.4905562722241146
riya,5482,3,121804.33333333333,1,0.6666666666666666,0.3333333333333333,0.9241962407465937
riya,5483,1,0.0,1,0.0,1.0,0.0
riya,5484,2,132210.5,2,0.0,1.0,0.0
riya,5485,3,1048.6666666666667,3,0.0,1.0,0.0
riya,5486,3,410.0,3,0.0,1.0,0.0
riya,5487,1,690.0,1,0.0,1.0,0.0
riya,5488,1,4782.0,1,0.0,1.0,0.0
riya,5489,1,192960.0,0,1.0,0.0,0.6931471805599453
riya,5490,1,1760.0,1,0.0,1.0,0.0
riya,5491,3,1089.0,3,0.0,1.0,0.0
riya,5492,3,116524.0,1,0.6666666666666666,0.3333333333333333,0.9241962407465937
riya,5493,1,830.0,1,0.0,1.0,0.0
riya,5494,4,42334.75,3,0.25,0.75,0.40235947810852507
riya,5495,2,1350.0,2,0.0,1.0,0.0
riya,5496,1,174240.0,0,1.0,0.0,0.6931471805599453
riya,5497,2,135424.0,2,0.0,1.0,0.0
riya,5498,1,267983.0,0,1.0,0.0,0.6931471805599453
riya,5499,1,7007.0,1,0.0,1.0,0.0
riya,5500,1,1290.0,1,0.0,1.0,0.0
riya,5501,1,98476.0,1,0.0,1.0,0.0
riya,5502,1,4432.0,1,0.0,1.0,0.0
riya,5503,2,5661.0,2,0.0,1.0,0.0
riya,5504,3,48541.0,2,0.3333333333333333,0.6666666666666666,0.46209812037329684
riya,5505,1,138861.0,0,1.0,0.0,0.6931471805599453
riya,5506,2,4971.5,2,0.0,1.0,0.0
riya,5507,2,231925.5,1,0.5,0.5,0.5493061443340549
riya,5508,1,186967.0,0,1.0,0.0,0.6931471805599453
riya,5509,4,195054.0,2,0.5,0.5,0.8047189562170501
riya,5510,1,124738.0,1,0.0,1.0,0.0
riya,5511,1,31267.0,1,0.0,1.0,0.0
riya,5512,1,241400.0,0,1.0,0.0,0.6931471805599453
riya,5513,1,155226.0,0,1.0,0.0,0.6931471805599453
riya,5514,3,24352.333333333332,2,0.0,0.6666666666666666,0.0
riya,5515,1,173648.0,0,1.0,0.0,0.6931471805599453
riya,5516,1,604.0,1,0.0,1.0,0.0
riya,5517,1,155721.0,0,1.0,0.0,0.6931471805599453
riya,5518,1,55514.0,1,0.0,1.0,0.0
riya,5519,1,2461.0,1,0.0,1.0,0.0
riya,5520,2,24976.0,2,0.0,1.0,0.0
riya,5521,1,1416.0,1,0.0,1.0,0.0
riya,5522,2,1370.0,2,0.0,1.0,0.0
riya,5523,2,1126.5,2,0.0,1.0,0.0
riya,5524,3,12315.666666666666,3,0.0,1.0,0.0
riya,5525,1,418.0,1,0.0,1.0,0.0
riya,5526,1,180933.0,0,1.0,0.0,0.6931471805599453
riya,5527,1,836.0,1,0.0,1.0,0.0
riya,5528,2,755.0,2,0.0,1.0,0.0
riya,5529,1,395.0,1,0.0,1.0,0.0
riya,5530,1,627.0,1,0.0,1.0,0.0
riya,5531,2,86739.5,1,0.5,0.5,0.5493061443340549
riya,5532,1,173429.0,0,1.0,0.0,0.6931471805599453
riya,5533,4,172241.5,1,0.75,0.25,1.2070784343255752
riya,5534,3,525.3333333333334,3,0.0,1.0,0.0
riya,5535,2,32630.0,1,0.5,0.5,0.5493061443340549
riya,5536,1,1091.0,1,0.0,1.0,0.0
riya,5537,2,3483.0,2,0.0,1.0,0.0
riya,5538,4,24530.25,3,0.25,0.75,0.40235947810852507
riya,5539,1,952.0,1,0.0,1.0,0.0
riya,5540,2,150211.0,1,0.5,0.5,0.5493061443340549
riya,5541,2,118166.5,1,0.5,0.5,0.5493061443340549
riya,5542,1,245773.0,0,1.0,0.0,0.6931471805599453
riya,5543,3,152911.33333333334,1,0.6666666666666666,0.3333333333333333,0.9241962407465937
riya,5544,3,80640.33333333333,3,0.0,1.0,0.0
riya,5545,2,695.0,2,0.0,1.0,0.0
riya,5546,1,810.0,1,0.0,1.0,0.0
riya,5547,1,1200.0,1,0.0,1.0,0.0
riya,5548,1,167387.0,0,1.0,0.0,0.6931471805599453
riya,5549,2,14624.5,2,0.0,1.0,0.0
riya,5550,3,1038.6666666666667,3,0.0,1.0,0.0
riya,5551,4,2535.5,4,0.0,1.0,0.0
riya,5552,1,75983.0,1,0.0,1.0,0.0
riya,5553,1,46383.0,1,0.0,1.0,0.0
riya,5554,1,7757.0,1,0.0,1.0,0.0
riya,5555,1,470.0,1,0.0,1.0,0.0
riya,5556,2,739.5,2,0.0,1.0,0.0
riya,5557,1,1324.0,1,0.0,1.0,0.0
riya,5558,2,292071.0,0,1.0,0.0,1.0986122886681098
riya,5559,1,85465.0,1,0.0,1.0,0.0
riya,5560,1,174519.0,0,1.0,0.0,0.6931471805599453
riya,5561,1,102847.0,1,0.0,1.0,0.0
riya,5562,1,8065.0,1,0.0,1.0,0.0
riya,5563,1,5482.0,0,0.0,0.0,0.0
riya,5564,31,165801.12903225806,18,0.41935483870967744,0.5806451612903226,1.4533731205289175
riya,5565,12,110562.41666666667,4,0.5,0.3333333333333333,1.2824746787307684
riya,5566,2,7769.5,1,0.0,0.5,0.0
riya,5567,2,63488.0,2,0.0,1.0,0.0
riya,5568,1,1138.0,1,0.0,1.0,0.0
riya,5569,1,1277.0,1,0.0,1.0,0.0
riya,5570,2,18035.0,2,0.0,1.0,0.0
riya,5571,1,222997.0,0,1.0,0.0,0.6931471805599453
riya,5572,1,13573.0,0,0.0,0.0,0.0
riya,5573,41,119730.0,5,0.8536585365853658,0.12195121951219512,3.1906935765833633
riya,5574,2,71295.0,2,0.0,1.0,0.0
riya,5575,2,243238.0,0,1.0,0.0,1.0986122886681098
riya,5576,2,7692.5,2,0.0,1.0,0.0
riya,5577,1,61208.0,1,0.0,1.0,0.0
riya,5578,1,766.0,1,0.0,1.0,0.0
riya,5579,2,63327.0,2,0.0,1.0,0.0
riya,5580,1,604.0,1,0.0,1.0,0.0
riya,5581,1,789.0,1,0.0,1.0,0.0
riya,5582,1,557.0,1,0.0,1.0,0.0
riya,5583,1,1324.0,1,0.0,1.0,0.0
riya,5584,2,1312.0,2,0.0,1.0,0.0
riya,5585,1,557.0,1,0.0,1.0,0.0
riya,5586,2,1740.0,2,0.0,1.0,0.0
riya,5587,1,557.0,1,0.0,1.0,0.0
riya,5588,1,236280.0,0,1.0,0.0,0.6931471805599453
riya,5589,1,36093.0,1,0.0,1.0,0.0
riya,5590,2,254253.0,0,1.0,0.0,1.0986122886681098
riya,5591,1,13189.0,1,0.0,1.0,0.0
riya,5592,1,97528.0,1,0.0,1.0,0.0
riya,5593,1,19273.0,1,0.0,1.0,0.0
riya,5594,3,125791.66666666667,2,0.3333333333333333,0.6666666666666666,0.46209812037329684
riya,5595,1,4920.0,1,0.0,1.0,0.0
riya,5596,1,9483.0,1,0.0,1.0,0.0
riya,5597,1,1324.0,1,0.0,1.0,0.0
riya,5598,3,61640.333333333336,2,0.3333333333333333,0.6666666666666666,0.46209812037329684
riya,5599,1,859.0,1,0.0,1.0,0.0
riya,5600,1,1231.0,1,0.0,1.0,0.0
riya,5601,2,1045.0,2,0.0,1.0,0.0
riya,5602,2,103884.0,1,0.5,0.5,0.5493061443340549
riya,5603,1,227293.0,0,1.0,0.0,0.6931471805599453
riya,5604,2,173540.0,2,0.0,1.0,0.0
riya,5605,1,270405.0,0,1.0,0.0,0.6931471805599453
riya,5606,2,199256.0,0,1.0,0.0,1.0986122886681098
riya,5607,2,1320.0,2,0.0,1.0,0.0
riya,5608,1,245400.0,0,1.0,0.0,0.6931471805599453
riya,5609,1,1000.0,1,0.0,1.0,0.0
riya,5610,2,48386.5,1,0.5,0.5,0.5493061443340549
riya,5611,1,2740.0,1,0.0,1.0,0.0
riya,5612,1,952.0,1,0.0,1.0,0.0
riya,5613,1,882.0,1,0.0,1.0,0.0
riya,5614,1,1463.0,1,0.0,1.0,0.0
riya,5615,2,3657.0,2,0.0,1.0,0.0
riya,5616,3,22678.0,3,0.0,1.0,0.0
riya,5617,1,580.0,1,0.0,1.0,0.0
riya,5618,4,16971.0,4,0.0,1.0,0.0
riya,5619,3,52468.0,3,0.0,1.0,0.0
riya,5620,2,150050.5,1,0.5,0.5,0.5493061443340549
riya,5621,1,743.0,1,0.0,1.0,0.0
riya,5622,2,998.5,2,0.0,1.0,0.0
riya,5623,1,766.0,1,0.0,1.0,0.0
riya,5624,1,178909.0,1,0.0,1.0,0.0
riya,5625,1,673.0,1,0.0,1.0,0.0
riya,5626,1,998.0,1,0.0,1.0,0.0
riya,5627,1,2206.0,1,0.0,1.0,0.0
riya,5628,1,31136.0,1,0.0,1.0,0.0
riya,5629,1,2229.0,1,0.0,1.0,0.0
riya,5630,1,673.0,1,0.0,1.0,0.0
riya,5631,1,906.0,1,0.0,1.0,0.0
riya,5632,1,813.0,1,0.0,1.0,0.0
riya,5633,1,511.0,1,0.0,1.0,0.0
riya,5634,2,127857.5,1,0.5,0.5,0.5493061443340549
riya,5635,1,7902.0,1,0.0,1.0,0.0
riya,5636,1,1254.0,1,0.0,1.0,0.0
riya,5637,1,789.0,1,0.0,1.0,0.0
riya,5638,1,0.0,1,0.0,1.0,0.0
riya,5639,2,65271.0,1,0.5,0.5,0.5493061443340549
riya,5640,2,731.5,2,0.0,1.0,0.0
riya,5641,1,441.0,1,0.0,1.0,0.0
riya,5642,1,20280.0,1,0.0,1.0,0.0
riya,5643,13,104452.38461538461,6,0.5384615384615384,0.46153846153846156,1.4210308697928313
riya,5644,1,236466.0,0,1.0,0.0,0.6931471805599453
riya,5645,1,78506.0,0,1.0,0.0,0.6931471805599453
riya,5646,1,394426.0,0,1.0,0.0,0.6931471805599453
riya,5647,2,120545.5,1,0.5,0.5,0.5493061443340549
riya,5648,1,129849.0,0,1.0,0.0,0.6931471805599453
riya,5649,1,1231.0,1,0.0,1.0,0.0
riya,5650,1,511.0,1,0.0,1.0,0.0
riya,5651,1,186525.0,1,0.0,1.0,0.0
riya,5652,1,1811.0,1,0.0,1.0,0.0
riya,5653,1,188323.0,0,1.0,0.0,0.6931471805599453
riya,5654,1,25867.0,1,0.0,1.0,0.0
riya,5655,1,63967.0,1,0.0,1.0,0.0
riya,5656,1,225780.0,1,0.0,1.0,0.0
riya,5657,5,107716.6,3,0.4,0.6,0.716703787691222
riya,5658,3,9761.0,3,0.0,1.0,0.0
riya,5659,1,620.0,1,0.0,1.0,0.0
riya,5660,1,970.0,1,0.0,1.0,0.0
riya,5661,1,143640.0,0,1.0,0.0,0.6931471805599453
riya,5662,3,164861.0,0,1.0,0.0,1.3862943611198906
riya,5663,1,1974.0,1,0.0,1.0,0.0
riya,5664,1,1254.0,1,0.0,1.0,0.0
riya,5665,1,836.0,1,0.0,1.0,0.0
riya,5666,2,2867.5,2,0.0,1.0,0.0
riya,5667,1,906.0,1,0.0,1.0,0.0
riya,5668,2,158690.0,1,0.5,0.5,0.5493061443340549
riya,5669,2,8929.0,2,0.0,1.0,0.0
riya,5670,1,269581.0,0,1.0,0.0,0.6931471805599453
riya,5671,1,34643.0,1,0.0,1.0,0.0
riya,5672,1,5867.0,1,0.0,1.0,0.0
riya,5673,1,29035.0,0,0.0,0.0,0.0
riya,5674,2,124743.0,0,1.0,0.0,1.0986122886681098
riya,5675,1,5352.0,1,0.0,1.0,0.0
riya,5676,3,874.6666666666666,3,0.0,1.0,0.0
riya,5677,1,604.0,1,0.0,1.0,0.0
riya,5678,1,470.0,1,0.0,1.0,0.0
riya,5679,1,119965.0,1,0.0,1.0,0.0
riya,5680,1,1370.0,1,0.0,1.0,0.0
riya,5681,2,4622.5,2,0.0,1.0,0.0
riya,5682,1,580.0,1,0.0,1.0,0.0
riya,5683,1,627.0,1,0.0,1.0,0.0
riya,5684,1,557.0,1,0.0,1.0,0.0
riya,5685,3,103420.0,2,0.3333333333333333,0.6666666666666666,0.46209812037329684
riya,5686,4,87258.75,3,0.25,0.75,0.40235947810852507
riya,5687,27,256100.96296296295,5,0.7777777777777778,0.18518518518518517,2.5917146190251588
riya,5688,2,95843.0,2,0.0,1.0,0.0
riya,5689,2,149021.5,1,0.5,0.5,0.5493061443340549
riya,5690,1,86271.0,1,0.0,1.0,0.0
riya,5691,18,208405.22222222222,4,0.7777777777777778,0.2222222222222222,2.2901192060183426
riya,5692,1,144726.0,1,0.0,1.0,0.0
riya,5693,20,76682.6,0,1.0,0.0,3.044522437723423
riya,5694,1,2763.0,1,0.0,1.0,0.0
riya,5695,1,86796.0,1,0.0,1.0,0.0
riya,5696,1,604.0,1,0.0,1.0,0.0
riya,5697,17,227103.88235294117,0,1.0,0.0,2.8903717578961645
riya,5698,1,31043.0,1,0.0,1.0,0.0
riya,5699,26,207278.3076923077,5,0.8076923076923077,0.19230769230769232,2.66202208408042
riya,5700,1,6084.0,1,0.0,1.0,0.0
riya,5701,9,95165.77777777778,4,0.5555555555555556,0.4444444444444444,1.2792139405522478
riya,5702,1,117278.0,1,0.0,1.0,0.0
riya,5703,1,1393.0,1,0.0,1.0,0.0
riya,5704,3,72565.0,2,0.3333333333333333,0.6666666666666666,0.46209812037329684
riya,5705,2,3455.0,2,0.0,1.0,0.0
riya,5706,1,673.0,1,0.0,1.0,0.0
riya,5707,1,743.0,1,0.0,1.0,0.0
riya,5708,1,975.0,1,0.0,1.0,0.0
riya,5709,2,2795.5,2,0.0,1.0,0.0
riya,5710,2,32856.5,2,0.0,1.0,0.0
riya,5711,4,50637.5,4,0.0,1.0,0.0
riya,5712,1,10368.0,1,0.0,1.0,0.0
riya,5713,1,770.0,1,0.0,1.0,0.0
riya,5714,2,6085.0,2,0.0,1.0,0.0
riya,5715,3,1202.3333333333333,3,0.0,1.0,0.0
riya,5716,2,81255.0,2,0.0,1.0,0.0
riya,5717,1,9781.0,1,0.0,1.0,0.0
riya,5718,4,940.0,4,0.0,1.0,0.0
riya,5719,1,0.0,1,0.0,1.0,0.0
riya,5720,1,0.0,1,0.0,1.0,0.0
riya,5721,1,302.0,1,0.0,1.0,0.0
riya,5722,1,882.0,1,0.0,1.0,0.0
riya,5723,2,662.0,2,0.0,1.0,0.0
riya,5724,2,199608.0,1,0.5,0.5,0.5493061443340549
riya,5725,1,673.0,1,0.0,1.0,0.0
riya,5726,1,836.0,1,0.0,1.0,0.0
riya,5727,1,5863.0,1,0.0,1.0,0.0
riya,5728,2,2612.5,2,0.0,1.0,0.0
riya,5729,1,163074.0,1,0.0,1.0,0.0
riya,5730,2,3065.0,2,0.0,1.0,0.0
riya,5731,1,74379.0,0,1.0,0.0,0.6931471805599453
riya,5732,1,85532.0,0,1.0,0.0,0.6931471805599453
riya,5733,1,18070.0,1,0.0,1.0,0.0
riya,5734,1,836.0,1,0.0,1.0,0.0
riya,5735,1,52431.0,1,0.0,1.0,0.0
riya,5736,1,54189.0,1,0.0,1.0,0.0
riya,5737,3,88366.66666666667,0,0.3333333333333333,0.0,0.46209812037329684
riya,5738,2,126991.0,1,0.5,0.5,0.5493061443340549
riya,5739,1,1393.0,1,0.0,1.0,0.0
riya,5740,1,534.0,1,0.0,1.0,0.0
riya,5741,1,650.0,1,0.0,1.0,0.0
riya,5742,1,5700.0,1,0.0,1.0,0.0
riya,5743,1,15163.0,1,0.0,1.0,0.0
riya,5744,1,191704.0,1,0.0,1.0,0.0
riya,5745,15,158955.13333333333,3,0.8,0.2,2.218070977791825
riya,5746,1,197266.0,1,0.0,1.0,0.0
riya,5747,1,0.0,1,0.0,1.0,0.0
riya,5748,1,557.0,1,0.0,1.0,0.0
riya,5749,2,11279.0,2,0.0,1.0,0.0
riya,5750,1,72383.0,1,0.0,1.0,0.0
riya,5751,1,970.0,1,0.0,1.0,0.0
riya,5752,1,590.0,1,0.0,1.0,0.0
riya,5753,2,76040.0,1,0.5,0.5,0.5493061443340549
riya,5754,1,1387.0,1,0.0,1.0,0.0
riya,5755,1,4133.0,1,0.0,1.0,0.0
riya,5756,1,4481.0,1,0.0,1.0,0.0
riya,5757,1,58886.0,1,0.0,1.0,0.0
riya,5758,1,168783.0,0,1.0,0.0,0.6931471805599453
riya,5759,1,187344.0,0,1.0,0.0,0.6931471805599453
riya,5760,1,0.0,1,0.0,1.0,0.0
riya,5761,3,134710.66666666666,1,0.6666666666666666,0.3333333333333333,0.9241962407465937
riya,5762,9,152019.33333333334,3,0.6666666666666666,0.3333333333333333,1.5350567286626973
riya,5763,1,557.0,1,0.0,1.0,0.0
riya,5764,1,195751.0,0,1.0,0.0,0.6931471805599453
riya,5765,1,137343.0,0,1.0,0.0,0.6931471805599453
riya,5766,1,119505.0,0,1.0,0.0,0.6931471805599453
riya,5767,1,181248.0,0,1.0,0.0,0.6931471805599453
riya,5768,1,242341.0,0,1.0,0.0,0.6931471805599453
riya,5769,1,6488.0,1,0.0,1.0,0.0
riya,5770,1,1324.0,1,0.0,1.0,0.0
riya,5771,1,163226.0,0,1.0,0.0,0.6931471805599453
riya,5772,15,176531.0,1,0.6666666666666666,0.06666666666666667,1.8483924814931874
riya,5773,1,1579.0,1,0.0,1.0,0.0
riya,5774,1,9567.0,1,0.0,1.0,0.0
riya,5775,1,1022.0,1,0.0,1.0,0.0
riya,5776,1,766.0,1,0.0,1.0,0.0
riya,5777,1,302.0,1,0.0,1.0,0.0
riya,5778,1,1068.0,1,0.0,1.0,0.0
riya,5779,2,58338.0,2,0.0,1.0,0.0
riya,5780,1,715.0,1,0.0,1.0,0.0
riya,5781,1,1237.0,1,0.0,1.0,0.0
riya,5782,1,6283.0,1,0.0,1.0,0.0
riya,5783,2,16005.0,1,0.0,0.5,0.0
riya,5784,1,8233.0,1,0.0,1.0,0.0
riya,5785,1,3088.0,1,0.0,1.0,0.0
riya,5786,1,109586.0,0,1.0,0.0,0.6931471805599453
riya,5787,1,79522.0,1,0.0,1.0,0.0
riya,5788,1,534.0,1,0.0,1.0,0.0
riya,5789,1,131088.0,1,0.0,1.0,0.0
riya,5790,1,3274.0,1,0.0,1.0,0.0
riya,5791,1,0.0,1,0.0,1.0,0.0
riya,5792,2,123733.0,1,0.5,0.5,0.5493061443340549
riya,5793,1,1091.0,1,0.0,1.0,0.0
riya,5794,1,8046.0,1,0.0,1.0,0.0
riya,5795,2,58471.0,1,0.5,0.5,0.5493061443340549
riya,5796,1,1207.0,1,0.0,1.0,0.0
riya,5797,11,182728.0,3,0.7272727272727273,0.2727272727272727,1.8072048362094548
riya,5798,14,151857.85714285713,5,0.6428571428571429,0.35714285714285715,1.740889414994278
riya,5799,2,106169.0,1,0.5,0.5,0.5493061443340549
riya,5800,1,16734.0,1,0.0,1.0,0.0
riya,5801,2,183226.0,0,1.0,0.0,1.0986122886681098
riya,5802,1,10386.0,1,0.0,1.0,0.0
riya,5803,2,19644.0,2,0.0,1.0,0.0
riya,5804,1,1486.0,1,0.0,1.0,0.0
riya,5805,1,9636.0,1,0.0,1.0,0.0
riya,5806,1,10356.0,1,0.0,1.0,0.0
riya,5807,1,2229.0,1,0.0,1.0,0.0
riya,5808,1,15720.0,1,0.0,1.0,0.0
riya,5809,1,50132.0,1,0.0,1.0,0.0
riya,5810,3,92001.66666666667,2,0.3333333333333333,0.6666666666666666,0.46209812037329684
riya,5811,1,9033.0,1,0.0,1.0,0.0
riya,5812,1,141967.0,1,0.0,1.0,0.0
riya,5813,1,1440.0,1,0.0,1.0,0.0
riya,5814,4,55422.5,3,0.25,0.75,0.40235947810852507
riya,5815,1,1649.0,1,0.0,1.0,0.0
riya,5816,1,627.0,1,0.0,1.0,0.0
riya,5817,1,2392.0,1,0.0,1.0,0.0
riya,5818,1,19854.0,1,0.0,1.0,0.0
riya,5819,1,31625.0,1,0.0,1.0,0.0
riya,5820,1,48715.0,1,0.0,1.0,0.0
riya,5821,1,37338.0,1,0.0,1.0,0.0
riya,5822,1,35434.0,1,0.0,1.0,0.0
riya,5823,1,4551.0,1,0.0,1.0,0.0
riya,5824,1,96502.0,1,0.0,1.0,0.0
riya,5825,1,156192.0,0,1.0,0.0,0.6931471805599453
riya,5826,1,121848.0,1,0.0,1.0,0.0
riya,5827,1,132004.0,0,1.0,0.0,0.6931471805599453
riya,5828,1,191250.0,0,1.0,0.0,0.6931471805599453
riya,5829,1,188819.0,0,1.0,0.0,0.6931471805599453
riya,5830,1,124931.0,0,1.0,0.0,0.6931471805599453
riya,5831,1,17441.0,0,0.0,0.0,0.0
riya,5832,1,104118.0,1,0.0,1.0,0.0
riya,5833,1,3088.0,1,0.0,1.0,0.0
riya,5834,1,1997.0,1,0.0,1.0,0.0
riya,5835,2,1114.5,2,0.0,1.0,0.0
riya,5836,1,929.0,1,0.0,1.0,0.0
riya,5837,1,1695.0,1,0.0,1.0,0.0
riya,5838,2,6072.0,2,0.0,1.0,0.0
riya,5839,1,14768.0,1,0.0,1.0,0.0
riya,5840,1,8824.0,1,0.0,1.0,0.0
riya,5841,2,70782.5,1,0.5,0.5,0.5493061443340549
riya,5842,1,251668.0,0,1.0,0.0,0.6931471805599453
riya,5843,1,199032.0,0,1.0,0.0,0.6931471805599453
riya,5844,1,194608.0,0,1.0,0.0,0.6931471805599453
riya,5845,1,169917.0,0,1.0,0.0,0.6931471805599453
riya,5846,1,158040.0,0,1.0,0.0,0.6931471805599453
riya,5847,1,175459.0,0,1.0,0.0,0.6931471805599453
riya,5848,1,163026.0,0,1.0,0.0,0.6931471805599453
riya,5849,1,142609.0,0,1.0,0.0,0.6931471805599453
riya,5850,1,141806.0,0,1.0,0.0,0.6931471805599453
riya,5851,1,178426.0,0,1.0,0.0,0.6931471805599453
riya,5852,2,4435.0,1,0.0,0.5,0.0
riya,5853,2,18654.0,2,0.0,1.0,0.0
riya,5854,1,1230.0,1,0.0,1.0,0.0
riya,5855,1,198806.0,0,1.0,0.0,0.6931471805599453
riya,5856,1,158761.0,0,1.0,0.0,0.6931471805599453
riya,5857,1,152381.0,0,1.0,0.0,0.6931471805599453
riya,5858,1,859.0,1,0.0,1.0,0.0
riya,5859,1,82802.0,1,0.0,1.0,0.0
riya,5860,1,1649.0,1,0.0,1.0,0.0
riya,5861,1,216364.0,1,0.0,1.0,0.0
riya,5862,9,207123.44444444444,0,1.0,0.0,2.302585092994046
riya,5863,1,10220.0,1,0.0,1.0,0.0
riya,5864,1,32124.0,0,1.0,0.0,0.6931471805599453
riya,5865,1,6890.0,1,0.0,1.0,0.0
riya,5866,1,56210.0,1,0.0,1.0,0.0
riya,5867,2,126422.0,1,0.5,0.5,0.5493061443340549
riya,5868,2,112241.0,1,0.5,0.5,0.5493061443340549
riya,5869,3,104693.33333333333,2,0.3333333333333333,0.6666666666666666,0.46209812037329684
riya,5870,2,26504.5,2,0.0,1.0,0.0
riya,5871,2,138439.5,1,0.5,0.5,0.5493061443340549
riya,5872,1,69677.0,0,1.0,0.0,0.6931471805599453
riya,5873,1,146003.0,1,0.0,1.0,0.0
riya,5874,2,127958.0,1,0.5,0.5,0.5493061443340549
riya,5875,2,96399.0,1,0.5,0.5,0.5493061443340549
riya,5876,2,95856.0,1,0.5,0.5,0.5493061443340549
riya,5877,2,93249.5,1,0.5,0.5,0.5493061443340549
riya,5878,1,859.0,1,0.0,1.0,0.0
riya,5879,1,193059.0,0,1.0,0.0,0.6931471805599453
riya,5880,1,68007.0,1,0.0,1.0,0.0
riya,5881,1,118877.0,0,1.0,0.0,0.6931471805599453
riya,5882,1,2650.0,1,0.0,1.0,0.0
riya,5883,1,1700.0,1,0.0,1.0,0.0
riya,5884,1,52302.0,1,0.0,1.0,0.0
riya,5885,1,21676.0,1,0.0,1.0,0.0
riya,5886,4,138472.75,0,0.75,0.0,1.2070784343255752
riya,5887,1,166066.0,0,1.0,0.0,0.6931471805599453
riya,5888,1,48165.0,1,0.0,1.0,0.0
riya,5889,1,11494.0,1,0.0,1.0,0.0
riya,5890,1,1620.0,1,0.0,1.0,0.0
riya,5891,1,43512.0,1,0.0,1.0,0.0
riya,5892,1,4270.0,1,0.0,1.0,0.0
riya,5893,1,9728.0,1,0.0,1.0,0.0
riya,5894,1,255733.0,0,1.0,0.0,0.6931471805599453
riya,5895,1,33120.0,0,1.0,0.0,0.6931471805599453
riya,5896,2,0.0,0,0.0,0.0,0.0
riya,5897,1,7500.0,1,0.0,1.0,0.0
riya,5898,1,1997.0,1,0.0,1.0,0.0
riya,5899,1,3344.0,1,0.0,1.0,0.0
riya,5900,1,2645.0,0,0.0,0.0,0.0
riya,5901,5,114834.4,2,0.6,0.4,1.0750556815368328
riya,5902,1,1170.0,1,0.0,1.0,0.0
riya,5903,2,171144.0,1,0.5,0.5,0.5493061443340549
riya,5904,1,243024.0,1,0.0,1.0,0.0
riya,5905,1,197111.0,0,1.0,0.0,0.6931471805599453
riya,5906,1,234266.0,0,1.0,0.0,0.6931471805599453
riya,5907,1,148548.0,0,1.0,0.0,0.6931471805599453
riya,5908,1,195267.0,0,1.0,0.0,0.6931471805599453
riya,5909,1,44400.0,1,0.0,1.0,0.0
riya,5910,1,42840.0,1,0.0,1.0,0.0
riya,5911,1,136270.0,1,0.0,1.0,0.0
riya,5912,1,980.0,1,0.0,1.0,0.0
riya,5913,1,5780.0,1,0.0,1.0,0.0
riya,5914,1,13220.0,1,0.0,1.0,0.0
riya,5915,1,116215.0,0,1.0,0.0,0.6931471805599453
riya,5916,1,78766.0,0,1.0,0.0,0.6931471805599453
riya,5917,1,246600.0,0,1.0,0.0,0.6931471805599453
riya,5918,2,88618.0,1,0.5,0.5,0.5493061443340549
riya,5919,3,1883.3333333333333,3,0.0,1.0,0.0
riya,5920,1,23.0,1,0.0,1.0,0.0
riya,5921,1,144618.0,1,0.0,1.0,0.0
riya,5922,1,0.0,1,0.0,1.0,0.0
